5 0.59140625 0.79375 0.1421875 0.409375
5 0.45 0.7109375 0.1171875 0.434375
5 0.378125 0.66640625 0.128125 0.446875
5 0.3125 0.6125 0.1421875 0.4234375
5 0.23828125 0.60859375 0.1296875 0.41875
5 0.16484375 0.54453125 0.1484375 0.4609375
10 0.50859375 0.2953125 0.1828125 0.371875
10 0.4421875 0.2734375 0.13125 0.3484375
2 0.05390625 0.1484375 0.1078125 0.246875
11 0.40390625 0.06328125 0.078125 0.121875
12 0.659375 0.26640625 0.2140625 0.228125
12 0.91953125 0.11953125 0.1421875 0.2390625
12 0.79453125 0.12265625 0.1671875 0.2453125
12 0.58828125 0.0765625 0.2328125 0.153125
12 0.33203125 0.23671875 0.159375 0.2171875
12 0.79609375 0.4375 0.215625 0.2546875
11 0.36875 0.06640625 0.065625 0.125