11 0.875 0.671875 0.24765625 0.13671875
11 0.69609375 0.446875 0.271875 0.1390625
11 0.48203125 0.1359375 0.178125 0.10546875
11 0.51796875 0.25390625 0.2359375 0.12734375
11 0.65 0.61640625 0.2640625 0.1390625
11 0.5265625 0.3890625 0.259375 0.14453125
10 0.49765625 0.8265625 0.56015625 0.34140625
10 0.3640625 0.58046875 0.45703125 0.290625
10 0.20703125 0.25 0.41328125 0.2453125
10 0.23046875 0.37109375 0.37265625 0.23046875
10 0.34609375 0.7328125 0.4015625 0.240625
10 0.23203125 0.49296875 0.37734375 0.23828125