10 0.18046875 0.6703125 0.3609375 0.625
10 0.609375 0.5265625 0.30078125 0.5046875
10 0.31875 0.646875 0.3390625 0.54296875
10 0.453125 0.60703125 0.30078125 0.5140625
10 0.89921875 0.44375 0.196875 0.43984375
10 0.740625 0.5296875 0.24765625 0.41328125
10 0.85 0.50234375 0.21875 0.384375
11 0.0265625 0.3078125 0.053125 0.20703125
11 0.47109375 0.17421875 0.12734375 0.24296875
11 0.171875 0.30078125 0.1109375 0.209375
11 0.3125 0.28828125 0.103125 0.19453125
11 0.6140625 0.22734375 0.12734375 0.24296875
11 0.79921875 0.1578125 0.10078125 0.178125
11 0.73203125 0.2203125 0.125 0.23828125