2 0.01796875 0.34140625 0.0359375 0.2921875
2 0.12890625 0.340625 0.1546875 0.309375
2 0.0859375 0.375 0.146875 0.2953125
2 0.0421875 0.39609375 0.084375 0.2671875
2 0.29296875 0.390625 0.1296875 0.234375
2 0.2046875 0.43515625 0.16875 0.2421875
2 0.071875 0.55703125 0.14375 0.1921875
2 0.309375 0.5171875 0.159375 0.165625
2 0.10703125 0.61484375 0.121875 0.2890625
2 0.0375 0.6515625 0.075 0.278125
2 0.41484375 0.609375 0.13125 0.2875
2 0.22421875 0.715625 0.1984375 0.2453125
2 0.35703125 0.7609375 0.1609375 0.1953125
10 0.5984375 0.7140625 0.2140625 0.55
2 0.2 0.85625 0.203125 0.2453125
2 0.1296875 0.859375 0.178125 0.28125
2 0.309375 0.95859375 0.153125 0.0828125
2 0.22421875 0.96640625 0.0890625 0.0671875
2 0.03828125 0.18828125 0.0765625 0.2046875
11 0.50703125 0.23046875 0.1296875 0.428125
12 0.81640625 0.53515625 0.3671875 0.6890625