11 0.70703125 0.1640625 0.14375 0.28125
11 0.49296875 0.31171875 0.125 0.2703125
11 0.30859375 0.4390625 0.1265625 0.28125
11 0.14296875 0.4859375 0.1296875 0.25625
11 0.2234375 0.4765625 0.0828125 0.1671875
11 0.42734375 0.47109375 0.1109375 0.25
11 0.64296875 0.4234375 0.121875 0.2484375
10 0.22265625 0.784375 0.1703125 0.3625
10 0.31015625 0.753125 0.1875 0.425
10 0.39375 0.75 0.1890625 0.3515625
10 0.51171875 0.75234375 0.1890625 0.3484375
10 0.59453125 0.64921875 0.240625 0.44375
10 0.721875 0.696875 0.175 0.34375
10 0.809375 0.55390625 0.2875 0.53125