2 0.68046875 0.9515625 0.2859375 0.096875
2 0.68046875 0.80390625 0.29375 0.128125
2 0.65078125 0.8453125 0.28125 0.1203125
2 0.6296875 0.90625 0.2546875 0.1
2 0.63046875 0.646875 0.2203125 0.1078125
2 0.590625 0.73203125 0.225 0.1453125
2 0.47109375 0.88359375 0.18125 0.1671875
2 0.5078125 0.6328125 0.15 0.14375
2 0.4171875 0.8296875 0.278125 0.09375
2 0.3765625 0.93671875 0.2796875 0.1265625
2 0.4171875 0.53359375 0.2765625 0.1046875
2 0.31796875 0.71953125 0.2265625 0.1765625
2 0.271875 0.590625 0.1796875 0.1421875
10 0.29140625 0.3609375 0.5578125 0.1546875
2 0.184375 0.74296875 0.2234375 0.1796875
2 0.1578125 0.83515625 0.315625 0.1984375
2 0.05859375 0.63984375 0.1171875 0.1390625
2 0.05390625 0.72109375 0.1078125 0.0796875
2 0.84296875 0.9296875 0.2203125 0.140625
11 0.7796875 0.425 0.440625 0.1375
12 0.45859375 0.16015625 0.7078125 0.3203125