11 0.7828125 0.2234375 0.109375 0.2796875
11 0.63046875 0.2640625 0.115625 0.2625
11 0.478125 0.31328125 0.1 0.265625
11 0.15 0.33984375 0.090625 0.221875
11 0.3328125 0.3859375 0.103125 0.2546875
11 0.221875 0.4125 0.096875 0.228125
10 0.83515625 0.6578125 0.3296875 0.684375
10 0.66328125 0.67109375 0.2984375 0.6578125
10 0.5234375 0.68671875 0.26875 0.6265625
10 0.378125 0.70546875 0.2203125 0.5453125
10 0.08203125 0.68046875 0.1640625 0.4640625
10 0.25859375 0.7265625 0.225 0.4671875
10 0.16328125 0.71953125 0.16875 0.4125
11 0.95390625 0.21796875 0.0921875 0.2484375