10 0.20390625 0.31953125 0.4078125 0.2046875
10 0.2359375 0.44140625 0.4578125 0.3140625
10 0.33671875 0.5375 0.4 0.453125
10 0.47890625 0.63671875 0.3453125 0.6703125
11 0.4390625 0.22734375 0.203125 0.2109375
11 0.44765625 0.21796875 0.121875 0.2265625
11 0.45859375 0.246875 0.1953125 0.13125
11 0.4625 0.22734375 0.0953125 0.2
11 0.46796875 0.2375 0.1953125 0.13125
11 0.46953125 0.225 0.1921875 0.2125
10 0.6171875 0.496875 0.25 0.4625
10 0.75 0.421875 0.4578125 0.4890625
10 0.7625 0.28359375 0.446875 0.3078125
10 0.7484375 0.1609375 0.4171875 0.18125