5 0.26796875 0.30859375 0.434375 0.2984375
5 0.2984375 0.47109375 0.4203125 0.275
5 0.31015625 0.553125 0.4359375 0.2875
5 0.33203125 0.6328125 0.41875 0.290625
5 0.30703125 0.7 0.4125 0.2765625
5 0.33359375 0.79140625 0.4546875 0.309375
10 0.69453125 0.5765625 0.334375 0.296875
10 0.67265625 0.64609375 0.2515625 0.2
2 0.64765625 0.975 0.2484375 0.05
11 0.86796875 0.775 0.15625 0.1234375
11 0.84609375 0.78671875 0.1609375 0.13125
12 0.95390625 0.26171875 0.0921875 0.2296875
12 0.90234375 0.41484375 0.1953125 0.1171875
12 0.93671875 0.60078125 0.1265625 0.2421875
12 0.78203125 0.4875 0.2265625 0.25
12 0.690625 0.24921875 0.2625 0.2234375
12 0.67578125 0.75 0.2140625 0.1875