11 0.22734375 0.23515625 0.109375 0.3
11 0.35625 0.38046875 0.0984375 0.275
11 0.4609375 0.475 0.078125 0.2421875
11 0.553125 0.484375 0.08125 0.25
11 0.6515625 0.521875 0.0671875 0.1890625
11 0.7234375 0.5734375 0.08125 0.2453125
11 0.80234375 0.59375 0.0609375 0.1640625
10 0.33203125 0.69140625 0.2421875 0.6171875
10 0.43984375 0.75390625 0.18125 0.4765625
10 0.53046875 0.77890625 0.1453125 0.3953125
10 0.6171875 0.7765625 0.13125 0.3578125
10 0.6984375 0.78046875 0.1234375 0.3609375
10 0.78125 0.81796875 0.0921875 0.2609375
10 0.84140625 0.80625 0.0828125 0.2546875