11 0.5484375 0.2140625 0.2109375 0.13125
11 0.53125 0.29296875 0.2015625 0.1296875
11 0.54453125 0.07890625 0.1359375 0.09375
11 0.53046875 0.146875 0.20625 0.1328125
10 0.36875 0.74296875 0.6140625 0.409375
10 0.35390625 0.85 0.5984375 0.3
10 0.3421875 0.60625 0.5546875 0.359375
10 0.34296875 0.478125 0.509375 0.3359375
10 0.31328125 0.365625 0.446875 0.3
10 0.3296875 0.0875 0.39375 0.175
10 0.28984375 0.1890625 0.3734375 0.253125
10 0.27734375 0.26796875 0.3515625 0.2265625
10 0.28125 0.11796875 0.365625 0.2296875
11 0.72109375 0.90859375 0.2421875 0.153125
11 0.68359375 0.6296875 0.20625 0.1328125
11 0.6734375 0.48984375 0.2296875 0.153125
11 0.61640625 0.38671875 0.2328125 0.1453125
13 0.73671875 0.7640625 0.2421875 0.1546875