11 0.18828125 0.78046875 0.3671875 0.05
11 0.2421875 0.653125 0.35625 0.040625
11 0.29921875 0.54375 0.346875 0.034375
11 0.3125 0.45078125 0.2515625 0.034375
11 0.38828125 0.365625 0.3390625 0.0375
11 0.41328125 0.27421875 0.33125 0.046875
11 0.52265625 0.18125 0.371875 0.040625
10 0.675 0.78125 0.61875 0.125
10 0.69375 0.65078125 0.553125 0.096875
10 0.7109375 0.45078125 0.546875 0.059375
10 0.7171875 0.5421875 0.51875 0.084375
10 0.76796875 0.3671875 0.446875 0.059375
10 0.77265625 0.28046875 0.421875 0.06875