11 0.671875 0.8328125 0.075 0.171875
11 0.59765625 0.7828125 0.0859375 0.2
11 0.49921875 0.796875 0.11875 0.296875
11 0.4171875 0.77421875 0.078125 0.184375
11 0.30078125 0.75859375 0.1078125 0.2515625
11 0.86171875 0.89921875 0.08125 0.1546875
11 0.18359375 0.7546875 0.1234375 0.3046875
11 0.0625 0.73984375 0.11875 0.2921875
11 0.771875 0.821875 0.1046875 0.25
10 0.9171875 0.625 0.1578125 0.396875
10 0.8328125 0.5234375 0.1359375 0.3515625
10 0.7640625 0.490625 0.2 0.5078125
10 0.68359375 0.4359375 0.1546875 0.446875
10 0.59375 0.409375 0.159375 0.484375
10 0.49609375 0.38828125 0.1671875 0.4953125
10 0.38359375 0.390625 0.1796875 0.496875
10 0.27734375 0.30546875 0.2125 0.58125
10 0.15859375 0.28046875 0.2375 0.54375