11 0.2546875 0.11640625 0.3734375 0.121875
11 0.28125 0.25546875 0.3671875 0.1109375
11 0.31640625 0.37578125 0.35625 0.103125
11 0.3125 0.4734375 0.259375 0.084375
11 0.37109375 0.5734375 0.3484375 0.1046875
11 0.378125 0.6703125 0.34375 0.1125
11 0.47109375 0.7859375 0.3828125 0.1140625
10 0.70859375 0.2109375 0.5828125 0.246875
10 0.72265625 0.34609375 0.5546875 0.2078125
10 0.71328125 0.55078125 0.5625 0.1671875
10 0.734375 0.459375 0.53125 0.1875
10 0.74921875 0.64453125 0.4578125 0.146875
10 0.74140625 0.73515625 0.4375 0.1515625