11 0.34609375 0.83515625 0.0671875 0.165625
11 0.4171875 0.78359375 0.0765625 0.1921875
11 0.5125 0.79453125 0.10546875 0.2859375
11 0.5921875 0.76953125 0.06953125 0.178125
11 0.70546875 0.75 0.09609375 0.24296875
11 0.16328125 0.90625 0.07421875 0.14921875
11 0.81953125 0.74296875 0.1109375 0.29296875
11 0.94140625 0.725 0.11328125 0.28125
11 0.2484375 0.828125 0.09375 0.240625
10 0.1 0.64140625 0.14140625 0.38203125
10 0.17890625 0.5390625 0.121875 0.3390625
10 0.24453125 0.5046875 0.178125 0.48984375
10 0.32109375 0.4484375 0.1359375 0.4328125
10 0.4078125 0.41875 0.1390625 0.46796875
10 0.50234375 0.39609375 0.14609375 0.478125
10 0.6125 0.39453125 0.159375 0.4796875
10 0.7125 0.30703125 0.1875 0.5609375
10 0.8296875 0.27421875 0.2140625 0.5375