11 0.06875 0.321875 0.13671875 0.16796875
11 0.11015625 0.41328125 0.21875 0.16796875
11 0.1921875 0.48828125 0.2453125 0.16328125
11 0.28125 0.58203125 0.25 0.1609375
11 0.3421875 0.68515625 0.240625 0.15625
11 0.41953125 0.76953125 0.25703125 0.16796875
11 0.478125 0.85546875 0.24765625 0.15859375
11 0.5796875 0.91796875 0.2640625 0.15859375
10 0.3984375 0.1421875 0.528125 0.284375
10 0.51328125 0.19140625 0.62109375 0.35234375
10 0.60859375 0.2703125 0.57734375 0.340625
10 0.6765625 0.36953125 0.5171875 0.3109375
10 0.72109375 0.465625 0.5578125 0.325
10 0.76640625 0.55546875 0.4671875 0.2640625
10 0.80546875 0.659375 0.38828125 0.228125
10 0.85078125 0.7640625 0.2984375 0.178125