10 0.3859375 0.3390625 0.1703125 0.3015625
10 0.578125 0.3375 0.178125 0.29375
10 0.2109375 0.353125 0.1703125 0.2828125
10 0.83828125 0.3640625 0.215625 0.34375
11 0.19296875 0.56796875 0.11875 0.225
10 0.640625 0.740625 0.3140625 0.51875
10 0.1890625 0.77265625 0.2640625 0.44375
10 0.4453125 0.78203125 0.271875 0.4359375
10 0.85390625 0.778125 0.2921875 0.434375
11 0.09453125 0.1390625 0.1125 0.171875
11 0.70703125 0.1296875 0.1046875 0.16875
11 0.4671875 0.13828125 0.09375 0.1484375
11 0.2859375 0.14140625 0.0984375 0.1875