10 0.90625 0.44296875 0.1875 0.4703125
10 0.76640625 0.4234375 0.1546875 0.4015625
10 0.3703125 0.46015625 0.121875 0.3734375
10 0.65625 0.41171875 0.159375 0.359375
10 0.5578125 0.4234375 0.1359375 0.3359375
10 0.4578125 0.4171875 0.13125 0.3125
11 0.2890625 0.415625 0.0796875 0.23125
11 0.24296875 0.4171875 0.06875 0.2296875
11 0.1953125 0.41953125 0.05625 0.21875
11 0.14921875 0.415625 0.065625 0.190625
11 0.0640625 0.425 0.06875 0.178125
11 0.10859375 0.41484375 0.0671875 0.1859375
13 0.021875 0.4 0.04375 0.159375