10 0.2078125 0.2828125 0.415625 0.12734375
10 0.24765625 0.39921875 0.3890625 0.23046875
10 0.32421875 0.5015625 0.3125 0.37265625
10 0.43984375 0.61171875 0.228125 0.58671875
11 0.4625 0.234375 0.1609375 0.1703125
11 0.47109375 0.22734375 0.08203125 0.196875
11 0.47734375 0.2546875 0.165625 0.09609375
11 0.4828125 0.23828125 0.06015625 0.17578125
11 0.48671875 0.24765625 0.165625 0.09609375
11 0.490625 0.23671875 0.1515625 0.1734375
10 0.58515625 0.5046875 0.16796875 0.40390625
10 0.71640625 0.45546875 0.36328125 0.396875
10 0.75859375 0.33203125 0.39921875 0.22578125
10 0.765625 0.21875 0.39453125 0.1109375