11 0.8203125 0.34609375 0.18125 0.08125
11 0.76640625 0.42421875 0.2125 0.096875
11 0.7796875 0.52578125 0.315625 0.13125
11 0.75390625 0.615625 0.196875 0.0875
11 0.73515625 0.73828125 0.2671875 0.115625
11 0.89453125 0.1453125 0.165625 0.0890625
11 0.728125 0.8640625 0.3234375 0.1375
11 0.70859375 0.96171875 0.3078125 0.0734375
11 0.81328125 0.240625 0.265625 0.115625
10 0.2734375 0.87109375 0.53125 0.2578125
10 0.28359375 0.75546875 0.5578125 0.2421875
10 0.3359375 0.62890625 0.525 0.2203125
10 0.3421875 0.51484375 0.4921875 0.175
10 0.36640625 0.4203125 0.49375 0.1625
10 0.409375 0.3171875 0.4875 0.1859375
10 0.453125 0.25390625 0.528125 0.1953125
10 0.50234375 0.1671875 0.346875 0.1484375
10 0.5875 0.07734375 0.45 0.1546875