11 0.06484375 0.61640625 0.1296875 0.1703125
11 0.23046875 0.55546875 0.17578125 0.13671875
11 0.3296875 0.4625 0.18046875 0.1296875
11 0.42890625 0.38671875 0.1703125 0.12265625
11 0.52421875 0.3234375 0.165625 0.115625
10 0.3484375 0.7296875 0.52890625 0.42578125
11 0.63125 0.2765625 0.14453125 0.10546875
11 0.70703125 0.21015625 0.13671875 0.11328125
10 0.4796875 0.62734375 0.37734375 0.30546875
10 0.55390625 0.5453125 0.33671875 0.2546875
10 0.63359375 0.475 0.28125 0.2015625
10 0.696875 0.41796875 0.25 0.18515625
10 0.771875 0.36640625 0.196875 0.15390625
10 0.82109375 0.30625 0.19453125 0.1609375
10 0.7296875 0.66484375 0.209375 0.28359375
11 0.86328125 0.50625 0.134375 0.18046875
10 0.9015625 0.56484375 0.196875 0.28359375
11 0.796875 0.740625 0.103125 0.1515625