2 0.44609375 0.1828125 0.1390625 0.3125
10 0.709375 0.1671875 0.2140625 0.1734375
2 0.24296875 0.3015625 0.1109375 0.1921875
10 0.50859375 0.275 0.21875 0.396875
2 0.36875 0.3390625 0.1515625 0.32421875
10 0.78984375 0.2734375 0.134375 0.290625
10 0.51953125 0.33671875 0.1703125 0.3578125
10 0.4484375 0.41953125 0.15625 0.44453125
2 0.23046875 0.46484375 0.146875 0.14453125
11 0.51328125 0.46484375 0.15859375 0.09609375
11 0.1390625 0.56015625 0.1390625 0.0625
10 0.7484375 0.46484375 0.35546875 0.33671875
10 0.3484375 0.5609375 0.22578125 0.18515625
10 0.5015625 0.56015625 0.27421875 0.22578125
10 0.1734375 0.64140625 0.23046875 0.2453125
11 0.334375 0.68125 0.1703125 0.12734375
11 0.35 0.7078125 0.15625 0.12265625
11 0.709375 0.6765625 0.16328125 0.11796875
10 0.5953125 0.71015625 0.31484375 0.24765625
10 0.49375 0.078125 0.2046875 0.1078125
10 0.64453125 0.0765625 0.1921875 0.153125