11 0.35234375 0.803125 0.28125 0.134375
11 0.3265625 0.7015625 0.30546875 0.14453125
11 0.36640625 0.58671875 0.31015625 0.13203125
11 0.34375 0.4265625 0.271875 0.1296875
11 0.40625 0.48828125 0.29296875 0.13203125
11 0.36875 0.3265625 0.228125 0.1078125
10 0.72734375 0.6890625 0.540625 0.28125
10 0.71015625 0.58671875 0.52890625 0.25703125
10 0.72109375 0.48203125 0.4546875 0.22578125
10 0.67421875 0.33046875 0.40859375 0.20703125
10 0.6671875 0.2390625 0.375 0.18984375
10 0.72734375 0.39296875 0.375 0.1828125