11 0.1625 0.64765625 0.16328125 0.06953125
11 0.21484375 0.578125 0.1921875 0.08203125
11 0.20546875 0.484375 0.2859375 0.1109375
11 0.23203125 0.40234375 0.178125 0.07421875
11 0.25390625 0.290625 0.24296875 0.0984375
11 0.0875 0.8296875 0.14921875 0.0765625
11 0.26328125 0.17578125 0.29296875 0.115625
11 0.28515625 0.0578125 0.28125 0.115625
11 0.165625 0.7453125 0.240625 0.0984375
10 0.721875 0.171875 0.55546875 0.246875
10 0.6796875 0.290625 0.52421875 0.20546875
10 0.61640625 0.403125 0.475 0.1859375
10 0.60703125 0.5078125 0.446875 0.14453125
10 0.58203125 0.59453125 0.44921875 0.13359375
10 0.5390625 0.6875 0.44296875 0.15546875
10 0.496875 0.74453125 0.4796875 0.1625
10 0.4484375 0.821875 0.31484375 0.12578125
10 0.36953125 0.91171875 0.41015625 0.14296875