10 0.85234375 0.5640625 0.19921875 0.60078125
10 0.6265625 0.6140625 0.16328125 0.53359375
10 0.48203125 0.65 0.13203125 0.4375
10 0.09609375 0.66796875 0.10546875 0.4015625
10 0.21015625 0.67578125 0.1078125 0.384375
10 0.33984375 0.67578125 0.10546875 0.384375
11 0.83203125 0.14765625 0.06484375 0.2234375
11 0.62265625 0.2296875 0.053125 0.21171875
11 0.4796875 0.31015625 0.0484375 0.2046875
11 0.334375 0.37265625 0.0359375 0.2328125
11 0.2015625 0.39453125 0.053125 0.1875
11 0.09375 0.3953125 0.02890625 0.1515625