11 0.11484375 0.5796875 0.2296875 0.415625
11 0.21875 0.628125 0.290625 0.4
11 0.3453125 0.66015625 0.278125 0.384375
11 0.4296875 0.7125 0.2109375 0.2859375
11 0.54921875 0.71171875 0.2765625 0.3796875
11 0.64140625 0.75546875 0.2796875 0.378125
11 0.78828125 0.73203125 0.3015625 0.415625
10 0.403125 0.28046875 0.5375 0.5609375
10 0.53359375 0.29609375 0.4796875 0.5921875
10 0.70546875 0.39609375 0.4453125 0.6140625
10 0.63671875 0.3265625 0.4515625 0.5984375
10 0.8125 0.4078125 0.375 0.5078125
10 0.8515625 0.46328125 0.296875 0.4859375