10 0.5 0.6765625 0.2984375 0.3
11 0.1078125 0.5515625 0.209375 0.1796875
10 0.60390625 0.63984375 0.2421875 0.2484375
11 0.25625 0.52890625 0.2140625 0.1953125
10 0.68515625 0.59296875 0.2453125 0.2515625
11 0.36171875 0.4640625 0.2203125 0.2125
10 0.77421875 0.54296875 0.25 0.259375
11 0.471875 0.425 0.2390625 0.2296875
10 0.83984375 0.46796875 0.3203125 0.3515625
11 0.57578125 0.4 0.18125 0.178125
11 0.66875 0.359375 0.1546875 0.153125
10 0.8828125 0.41015625 0.234375 0.3609375
11 0.7203125 0.23984375 0.15625 0.1671875
11 0.81484375 0.171875 0.1515625 0.159375
10 0.2890625 0.765625 0.3328125 0.315625
10 0.4046875 0.72578125 0.2890625 0.2890625