11 0.77421875 0.1015625 0.1703125 0.128125
11 0.609375 0.14453125 0.2046875 0.2578125
11 0.4578125 0.228125 0.2234375 0.2734375
11 0.35 0.321875 0.203125 0.25
11 0.23125 0.40390625 0.1796875 0.2265625
11 0.034375 0.46953125 0.06875 0.1515625
11 0.12109375 0.48671875 0.1671875 0.2109375
10 0.79609375 0.4171875 0.4078125 0.6625
10 0.6984375 0.4984375 0.4453125 0.5640625
10 0.54609375 0.5609375 0.4640625 0.565625
10 0.41328125 0.61328125 0.3546875 0.446875
10 0.1109375 0.7125 0.221875 0.4125
10 0.29609375 0.678125 0.325 0.403125
10 0.1734375 0.71875 0.3015625 0.3703125