10 0.45546875 0.6734375 0.15390625 0.4546875
10 0.1515625 0.66796875 0.2640625 0.4953125
10 0.609375 0.61796875 0.1828125 0.34375
10 0.709375 0.5421875 0.21640625 0.240625
10 0.7921875 0.44140625 0.2546875 0.165625
11 0.540625 0.38125 0.1390625 0.1421875
11 0.47734375 0.36875 0.11796875 0.22578125
10 0.81875 0.35234375 0.27890625 0.1515625
11 0.5875 0.3453125 0.1875 0.11796875
11 0.41796875 0.34140625 0.053125 0.228125
11 0.3484375 0.33984375 0.0484375 0.259375
11 0.2859375 0.31484375 0.10546875 0.23828125
11 0.58671875 0.2953125 0.178125 0.09140625
10 0.7640625 0.23203125 0.26953125 0.1203125
11 0.52578125 0.2125 0.17890625 0.0515625
11 0.403125 0.15546875 0.17421875 0.075
10 0.66328125 0.09140625 0.34609375 0.1421875
10 0.30625 0.7125 0.1515625 0.478125