11 0.7140625 0.24375 0.08203125 0.2765625
11 0.865625 0.2328125 0.115625 0.27890625
11 0.56015625 0.2703125 0.09140625 0.2765625
10 0.2359375 0.375 0.209375 0.4953125
10 0.0953125 0.39921875 0.18984375 0.490625
10 0.39765625 0.359375 0.2015625 0.50234375
10 0.91328125 0.62265625 0.16796875 0.4953125
10 0.7609375 0.65 0.18046875 0.50703125
10 0.609375 0.66796875 0.21171875 0.509375
11 0.44453125 0.76796875 0.09375 0.3078125
11 0.28984375 0.7921875 0.08671875 0.31484375
11 0.140625 0.81484375 0.084375 0.30546875