10 0.8 0.671875 0.4 0.184375
10 0.7765625 0.54609375 0.446875 0.3015625
10 0.684375 0.44140625 0.3890625 0.4484375
10 0.54453125 0.33515625 0.3203125 0.6703125
11 0.5625 0.75234375 0.1984375 0.2078125
11 0.55390625 0.7625 0.1125 0.228125
11 0.54453125 0.73203125 0.1953125 0.125
11 0.53984375 0.75078125 0.0875 0.2015625
11 0.534375 0.740625 0.1953125 0.125
11 0.53203125 0.753125 0.1875 0.209375
10 0.39609375 0.46796875 0.2328125 0.465625
10 0.25625 0.5375 0.4484375 0.48125
10 0.2328125 0.67890625 0.4546875 0.2953125
10 0.240625 0.8046875 0.4296875 0.165625