11 0.91953125 0.17421875 0.1609375 0.1109375
11 0.76796875 0.32265625 0.184375 0.0875
11 0.70546875 0.4546875 0.196875 0.078125
11 0.6375 0.5703125 0.1875 0.0734375
11 0.56875 0.671875 0.1859375 0.0625
10 0.58046875 0.1984375 0.54375 0.3
11 0.48125 0.7609375 0.1578125 0.065625
11 0.4328125 0.8578125 0.140625 0.0828125
10 0.490625 0.3515625 0.390625 0.2125
10 0.44921875 0.46328125 0.3578125 0.1671875
10 0.4 0.56484375 0.3078125 0.11875
10 0.3578125 0.646875 0.2703125 0.115625
10 0.30546875 0.728125 0.2078125 0.1015625
10 0.28046875 0.80703125 0.1984375 0.1171875
10 0.228125 0.41484375 0.128125 0.3078125
11 0.1578125 0.6265625 0.0828125 0.190625
10 0.11640625 0.59765625 0.10625 0.315625
11 0.1296875 0.36640625 0.05625 0.1671875