10 0.8125 0.209375 0.37265625 0.37734375
11 0.25625 0.28359375 0.1828125 0.240625
10 0.0421875 0.3140625 0.084375 0.1296875
2 0.49140625 0.396875 0.27890625 0.48046875
11 0.1875 0.39921875 0.24296875 0.16796875
11 0.22265625 0.58515625 0.209375 0.071875
11 0.68125 0.603125 0.22578125 0.09609375
10 0.06640625 0.615625 0.13203125 0.13203125
10 0.890625 0.65234375 0.21875 0.12734375
11 0.35 0.7390625 0.1078125 0.19453125
11 0.671875 0.7796875 0.209375 0.2234375
11 0.5375 0.83046875 0.103125 0.2671875
10 0.24140625 0.89921875 0.1734375 0.19921875
10 0.865625 0.9203125 0.21171875 0.15390625
10 0.421875 0.1046875 0.0765625 0.209375
10 0.103125 0.11171875 0.20625 0.2234375