11 0.88671875 0.35625 0.196875 0.33671875
11 0.7515625 0.34609375 0.18515625 0.32421875
11 0.63359375 0.3484375 0.17578125 0.3125
11 0.5484375 0.321875 0.134375 0.23046875
11 0.44375 0.35078125 0.17578125 0.3078125
11 0.353125 0.334375 0.18046875 0.30546875
11 0.23046875 0.3890625 0.1921875 0.33671875
10 0.68046875 0.73828125 0.3703125 0.51953125
10 0.56015625 0.7328125 0.31484375 0.5171875
10 0.38125 0.66328125 0.28359375 0.49765625
10 0.45703125 0.7078125 0.29296875 0.48046875
10 0.28515625 0.678125 0.240625 0.4109375
10 0.2078125 0.6453125 0.2359375 0.3921875