11 0.69375 0.5609375 0.146875 0.24296875
10 0.521875 0.2515625 0.26953125 0.446875
11 0.634375 0.59375 0.146875 0.240625
10 0.46484375 0.28125 0.27421875 0.4546875
11 0.5796875 0.62890625 0.14921875 0.24296875
10 0.41015625 0.3140625 0.28359375 0.4640625
11 0.5203125 0.65 0.15625 0.24765625
10 0.3484375 0.34140625 0.27890625 0.45703125
11 0.459375 0.6875 0.14921875 0.2453125
10 0.2875 0.36875 0.290625 0.4828125
10 0.259375 0.44921875 0.34140625 0.55546875
11 0.4671875 0.8375 0.19921875 0.31953125
11 0.4109375 0.85546875 0.2015625 0.28359375
10 0.1921875 0.4796875 0.3296875 0.55078125
11 0.78984375 0.46640625 0.15390625 0.23828125
10 0.6296875 0.19609375 0.26953125 0.3921875
11 0.75234375 0.53515625 0.14921875 0.24296875
10 0.5765625 0.22578125 0.2984375 0.4515625