10 0.609375 0.31640625 0.1515625 0.27421875
10 0.4328125 0.31875 0.15859375 0.2671875
10 0.7703125 0.3265625 0.1515625 0.25703125
10 0.19453125 0.34765625 0.1921875 0.3125
11 0.78984375 0.52421875 0.10546875 0.2046875
10 0.38203125 0.69453125 0.27890625 0.48046875
10 0.796875 0.71171875 0.2359375 0.40390625
10 0.5625 0.74375 0.24296875 0.43515625
10 0.18359375 0.75 0.2671875 0.43515625
11 0.8734375 0.12890625 0.10078125 0.15625
11 0.3109375 0.1296875 0.09375 0.15390625
11 0.53125 0.13359375 0.084375 0.134375
11 0.6984375 0.13359375 0.08671875 0.1703125