10 0.653125 0.19296875 0.69375 0.3859375
10 0.41015625 0.57109375 0.603125 0.3828125
10 0.5640625 0.26328125 0.6484375 0.428125
10 0.4796875 0.39375 0.615625 0.384375
10 0.2390625 0.8546875 0.478125 0.284375
10 0.2984375 0.66328125 0.4921875 0.3125
10 0.228125 0.76328125 0.45625 0.2796875
11 0.97421875 0.3015625 0.0515625 0.109375
11 0.7765625 0.76328125 0.2875 0.1640625
11 0.90390625 0.440625 0.1921875 0.134375
11 0.8265625 0.55390625 0.2296875 0.1296875
11 0.6203125 0.821875 0.2875 0.1640625
11 0.5203125 0.97265625 0.203125 0.0546875
11 0.528125 0.9125 0.2828125 0.1625