11 0.121875 0.8296875 0.153125 0.2
11 0.14296875 0.7234375 0.2375 0.21875
11 0.19375 0.62734375 0.296875 0.225
11 0.26171875 0.50625 0.3015625 0.2265625
11 0.29765625 0.38984375 0.290625 0.21875
11 0.3578125 0.27421875 0.3078125 0.2328125
11 0.39609375 0.17109375 0.2984375 0.2203125
11 0.48359375 0.09609375 0.3171875 0.1921875
10 0.7890625 0.16484375 0.321875 0.253125
10 0.75703125 0.2875 0.4609375 0.384375
10 0.75 0.39296875 0.5 0.3890625
10 0.715625 0.5046875 0.56875 0.45625
10 0.7015625 0.61328125 0.596875 0.4359375
10 0.66015625 0.7390625 0.665625 0.4671875
10 0.5921875 0.80390625 0.715625 0.3921875
10 0.465625 0.87734375 0.578125 0.2453125