10 0.528125 0.2765625 0.3296875 0.2984375
10 0.6 0.375 0.2828125 0.25625
10 0.66796875 0.4671875 0.240625 0.2265625
5 0.33125 0.565625 0.1828125 0.1640625
5 0.37734375 0.61796875 0.19375 0.171875
10 0.725 0.55390625 0.21875 0.1984375
5 0.428125 0.66328125 0.1890625 0.1703125
10 0.77734375 0.628125 0.190625 0.190625
5 0.478125 0.71171875 0.190625 0.16875
5 0.51015625 0.79296875 0.228125 0.1890625
5 0.56328125 0.8296875 0.234375 0.2015625
5 0.60703125 0.8703125 0.215625 0.184375
10 0.41796875 0.17265625 0.4109375 0.3453125