11 0.19453125 0.91328125 0.1109375 0.1734375
11 0.36640625 0.828125 0.115625 0.234375
11 0.51015625 0.73984375 0.13125 0.24375
11 0.61015625 0.64375 0.121875 0.221875
11 0.71953125 0.55625 0.1015625 0.2078125
11 0.9390625 0.48671875 0.071875 0.1484375
11 0.82265625 0.47109375 0.096875 0.1890625
10 0.1328125 0.56640625 0.265625 0.5984375
10 0.2625 0.48828125 0.2546875 0.5140625
10 0.40859375 0.4203125 0.2796875 0.503125
10 0.53359375 0.36328125 0.203125 0.4078125
10 0.8703125 0.24921875 0.1765625 0.38125
10 0.64453125 0.29375 0.190625 0.3640625
10 0.76171875 0.24609375 0.178125 0.3328125