2 0.33203125 0.72421875 0.3171875 0.3359375
2 0.50703125 0.82578125 0.284375 0.3421875
11 0.70859375 0.88125 0.2828125 0.2375
2 0.6546875 0.884375 0.215625 0.23125
2 0.60546875 0.825 0.2515625 0.315625
2 0.1234375 0.38671875 0.246875 0.3734375
2 0.51015625 0.6703125 0.3203125 0.3328125
10 0.24765625 0.37890625 0.4953125 0.7578125
2 0.503125 0.51640625 0.3875 0.4609375
2 0.42265625 0.425 0.265625 0.3328125
2 0.79453125 0.69453125 0.3328125 0.421875
2 0.79453125 0.6921875 0.321875 0.4046875
2 0.346875 0.278125 0.31875 0.30625
2 0.76796875 0.47890625 0.4640625 0.5609375
2 0.4453125 0.2328125 0.30625 0.2859375
2 0.64765625 0.340625 0.3046875 0.2703125
2 0.49140625 0.1296875 0.3234375 0.259375
2 0.88046875 0.43359375 0.2390625 0.4578125
2 0.73125 0.2296875 0.484375 0.453125
2 0.48359375 0.1046875 0.4265625 0.209375
2 0.8515625 0.2109375 0.296875 0.259375
2 0.09375 0.64375 0.1875 0.2625
2 0.15703125 0.7140625 0.290625 0.315625
10 0.25 0.73125 0.2984375 0.3546875