11 0.3953125 0.9421875 0.359375 0.115625
11 0.37578125 0.803125 0.353125 0.1984375
11 0.30703125 0.53671875 0.2265625 0.128125
11 0.36953125 0.6484375 0.3515625 0.184375
11 0.33046875 0.3984375 0.3515625 0.1921875
11 0.30390625 0.28359375 0.3375 0.1890625
11 0.33671875 0.125 0.3484375 0.1921875
10 0.759375 0.79609375 0.48125 0.3203125
10 0.64453125 0.38203125 0.55 0.309375
10 0.74140625 0.6234375 0.5171875 0.34375
10 0.7265625 0.47890625 0.4875 0.29375
10 0.66953125 0.24296875 0.465625 0.2796875
10 0.6234375 0.134375 0.428125 0.2625