10 0.184375 0.378125 0.36875 0.678125
10 0.59375 0.4265625 0.415625 0.5875
10 0.26640625 0.3609375 0.4625 0.634375
10 0.4140625 0.375 0.4171875 0.596875
10 0.88203125 0.45703125 0.2359375 0.4953125
10 0.72890625 0.39765625 0.3421875 0.48125
10 0.84765625 0.40390625 0.3046875 0.4453125
11 0.05078125 0.76953125 0.0578125 0.21875
11 0.52109375 0.821875 0.18125 0.278125
11 0.18359375 0.75078125 0.1578125 0.240625
11 0.3328125 0.73515625 0.146875 0.2234375
11 0.659375 0.73828125 0.18125 0.278125
11 0.865625 0.7734375 0.140625 0.20625
11 0.78359375 0.721875 0.178125 0.2734375