10 0.74296875 0.29296875 0.5046875 0.5859375
10 0.5671875 0.30078125 0.39453125 0.53359375
10 0.421875 0.33671875 0.34609375 0.46640625
10 0.13359375 0.4703125 0.2671875 0.43515625
10 0.290625 0.375 0.2984375 0.39453125
10 0.18984375 0.43046875 0.271875 0.3796875
11 0.25859375 0.7953125 0.134375 0.240625
11 0.33203125 0.7046875 0.134375 0.23203125
11 0.4421875 0.6484375 0.1296875 0.24375
11 0.609375 0.6453125 0.140625 0.2265625
11 0.76953125 0.63671875 0.1375 0.23359375
11 0.940625 0.6359375 0.11875 0.25