5 0.3171875 0.41796875 0.4015625 0.09140625
5 0.321875 0.47109375 0.41796875 0.09609375
5 0.33046875 0.52265625 0.415625 0.0890625
5 0.3390625 0.584375 0.428125 0.0984375
5 0.3421875 0.6390625 0.41796875 0.0890625
5 0.35 0.6984375 0.428125 0.09609375
5 0.3609375 0.75625 0.4375 0.103125
5 0.36640625 0.81875 0.446875 0.103125
2 0.5953125 0.859375 0.259375 0.084375
2 0.59140625 0.91015625 0.25 0.0765625
10 0.65859375 0.48671875 0.18203125 0.1640625
12 0.7109375 0.096875 0.14140625 0.140625
12 0.5015625 0.24296875 0.2390625 0.15390625
12 0.7015625 0.2265625 0.1328125 0.05
12 0.746875 0.34921875 0.134375 0.1921875
12 0.6421875 0.3640625 0.103125 0.15625
12 0.65234375 0.615625 0.10546875 0.1296875