10 0.77109375 0.58203125 0.4234375 0.334375
10 0.68359375 0.4515625 0.4125 0.365625
10 0.796875 0.7578125 0.4015625 0.40625
10 0.55390625 0.33671875 0.428125 0.4203125
10 0.45078125 0.2546875 0.378125 0.4171875
10 0.3234375 0.23671875 0.2953125 0.359375
11 0.521875 0.6328125 0.2078125 0.1734375
11 0.5546875 0.70625 0.19375 0.1375
11 0.47421875 0.5765625 0.2140625 0.2140625
11 0.43125 0.521875 0.234375 0.2640625
11 0.5640625 0.79140625 0.2171875 0.1796875
11 0.36875 0.50390625 0.1796875 0.225
10 0.25078125 0.271875 0.275 0.3609375
11 0.32578125 0.53125 0.1609375 0.2265625
11 0.28984375 0.55390625 0.1328125 0.1953125
10 0.17734375 0.35234375 0.228125 0.325
11 0.3265625 0.75078125 0.159375 0.1890625
10 0.15859375 0.51015625 0.3171875 0.4671875