11 0.090625 0.7140625 0.1453125 0.1953125
11 0.234375 0.61953125 0.20625 0.1765625
11 0.3140625 0.50546875 0.209375 0.16875
11 0.3984375 0.4078125 0.1984375 0.1609375
11 0.4796875 0.32265625 0.1921875 0.1515625
10 0.38984375 0.74921875 0.6234375 0.5015625
11 0.578125 0.253125 0.1671875 0.1375
11 0.63984375 0.17109375 0.1625 0.14375
10 0.50078125 0.6390625 0.4453125 0.3875
10 0.55859375 0.54140625 0.39375 0.328125
10 0.62265625 0.45234375 0.3265625 0.2640625
10 0.675 0.38203125 0.2921875 0.240625
10 0.7390625 0.31328125 0.23125 0.196875
10 0.775 0.24296875 0.23125 0.203125
10 0.76015625 0.62265625 0.271875 0.33125
11 0.8609375 0.434375 0.1734375 0.2109375
10 0.890625 0.48359375 0.21875 0.3265625
11 0.84453125 0.68515625 0.1359375 0.175