11 0.36640625 0.7359375 0.121875 0.15625
11 0.496875 0.7 0.1328125 0.16875
7 0.59921875 0.696875 0.159375 0.203125
11 0.5984375 0.68671875 0.1453125 0.1796875
11 0.7 0.684375 0.1484375 0.1953125
11 0.7921875 0.66640625 0.1421875 0.1921875
11 0.86015625 0.6609375 0.146875 0.2078125
11 0.92578125 0.65234375 0.1265625 0.19375
10 0.24609375 0.42265625 0.4921875 0.6171875
10 0.38828125 0.41796875 0.4125 0.4984375
10 0.51484375 0.4328125 0.31875 0.4125
10 0.6359375 0.4515625 0.2578125 0.325
10 0.725 0.4375 0.2375 0.315625
10 0.81328125 0.440625 0.225 0.303125
10 0.878125 0.41328125 0.24375 0.3578125