11 0.18984375 0.6953125 0.1828125 0.0984375
11 0.23515625 0.6140625 0.215625 0.115625
11 0.2109375 0.51640625 0.31875 0.159375
11 0.2265625 0.42578125 0.1984375 0.1046875
11 0.2328125 0.3046875 0.2703125 0.140625
11 0.1375 0.89765625 0.16875 0.103125
11 0.2265625 0.18125 0.3265625 0.165625
11 0.234375 0.07421875 0.3078125 0.1234375
11 0.2078125 0.79765625 0.26875 0.140625
10 0.67890625 0.13984375 0.5671875 0.2796875
10 0.6828125 0.240625 0.584375 0.2953125
10 0.63203125 0.36953125 0.5296875 0.2671875
10 0.63828125 0.48125 0.49375 0.21875
10 0.62421875 0.5765625 0.49375 0.2078125
10 0.59375 0.68203125 0.490625 0.2296875
10 0.55703125 0.74765625 0.5296875 0.2421875
10 0.51796875 0.83671875 0.3515625 0.1796875
10 0.44453125 0.91796875 0.4515625 0.1640625