10 0.59609375 0.37265625 0.353125 0.325
10 0.490625 0.41796875 0.309375 0.29375
11 0.8875 0.503125 0.225 0.228125
10 0.39921875 0.47734375 0.3125 0.309375
11 0.78671875 0.578125 0.259375 0.2484375
10 0.30859375 0.5328125 0.309375 0.296875
11 0.66328125 0.6203125 0.2625 0.246875
10 0.23984375 0.61484375 0.3890625 0.3890625
11 0.5609375 0.6640625 0.2203125 0.2140625
11 0.4515625 0.703125 0.1703125 0.1671875
10 0.1734375 0.68671875 0.346875 0.3921875
11 0.41796875 0.8359375 0.175 0.175
11 0.31796875 0.90078125 0.1625 0.1625
10 0.81171875 0.26953125 0.3765625 0.3578125
10 0.70703125 0.3203125 0.3640625 0.3359375