10 0.7890625 0.31171875 0.421875 0.6234375
10 0.38828125 0.48671875 0.359375 0.5375
10 0.66171875 0.33203125 0.403125 0.5796875
10 0.53359375 0.38828125 0.3609375 0.546875
10 0.1171875 0.60390625 0.234375 0.4609375
10 0.2578125 0.5 0.296875 0.440625
10 0.15234375 0.540625 0.2640625 0.4078125
11 0.9765625 0.6328125 0.046875 0.2125
11 0.56875 0.81953125 0.15625 0.25625
11 0.85 0.6578125 0.1359375 0.221875
11 0.71171875 0.6875 0.1265625 0.20625
11 0.4203125 0.784375 0.15625 0.25625
11 0.24453125 0.87578125 0.121875 0.1890625
11 0.30390625 0.80625 0.153125 0.2515625