10 0.45625 0.284375 0.3171875 0.284375
10 0.3890625 0.384375 0.271875 0.24375
10 0.32578125 0.47734375 0.23125 0.2171875
5 0.659375 0.56171875 0.175 0.15625
5 0.615625 0.615625 0.1859375 0.1640625
10 0.2734375 0.5640625 0.2109375 0.1890625
5 0.56796875 0.66015625 0.18125 0.1625
10 0.22421875 0.6375 0.1828125 0.1828125
5 0.52109375 0.71015625 0.184375 0.159375
5 0.49140625 0.790625 0.2203125 0.1796875
5 0.440625 0.828125 0.225 0.1921875
5 0.4 0.8703125 0.2078125 0.175
10 0.559375 0.1734375 0.396875 0.346875