10 0.18828125 0.73828125 0.3765625 0.4703125
11 0.74921875 0.76015625 0.2390625 0.290625
10 0.94921875 0.7640625 0.046875 0.1421875
2 0.51875 0.59609375 0.3875 0.565625
11 0.84375 0.65 0.290625 0.225
11 0.84140625 0.4453125 0.2359375 0.115625
11 0.35546875 0.33984375 0.259375 0.1453125
10 0.965625 0.43828125 0.06875 0.1546875
10 0.14921875 0.24921875 0.2421875 0.175
11 0.734375 0.25703125 0.1515625 0.228125
11 0.3984375 0.153125 0.265625 0.278125
11 0.55 0.13828125 0.15625 0.2765625
10 0.87578125 0.1375 0.2125 0.1859375
10 0.2140625 0.034375 0.24375 0.06875
10 0.540625 0.90078125 0.11875 0.1984375
10 0.84765625 0.91640625 0.1921875 0.1671875