11 0.32265625 0.72890625 0.2046875 0.1609375
10 0.6640625 0.6125 0.6234375 0.4953125
11 0.265625 0.6359375 0.203125 0.1640625
10 0.57109375 0.528125 0.5296875 0.4234375
11 0.26015625 0.55546875 0.2390625 0.184375
11 0.23125 0.484375 0.221875 0.16875
10 0.5234375 0.45078125 0.3859375 0.3046875
11 0.1515625 0.4453125 0.221875 0.1734375
10 0.45703125 0.38984375 0.3328125 0.2640625
11 0.07265625 0.4265625 0.1453125 0.1375
10 0.37265625 0.34609375 0.3296875 0.265625
10 0.28046875 0.32265625 0.36875 0.284375