2 0.9109375 0.771875 0.08203125 0.259375
2 0.76171875 0.74375 0.08671875 0.2671875
2 0.80625 0.72265625 0.08203125 0.2546875
2 0.865625 0.71484375 0.06484375 0.2328125
2 0.6265625 0.66953125 0.0765625 0.19921875
2 0.7125 0.646875 0.11328125 0.19921875
2 0.8734375 0.56484375 0.1390625 0.15390625
2 0.6359375 0.55390625 0.1203125 0.12734375
2 0.8328125 0.50625 0.0578125 0.2546875
2 0.93984375 0.48828125 0.0890625 0.25234375
2 0.56015625 0.453125 0.0671875 0.25234375
2 0.7484375 0.39453125 0.1421875 0.196875
2 0.6390625 0.3296875 0.115625 0.15625
10 0.41796875 0.29375 0.09375 0.55390625
2 0.7953125 0.275 0.146875 0.19453125
2 0.89296875 0.21015625 0.14453125 0.39453125
2 0.72578125 0.134375 0.11796875 0.1109375
2 0.803125 0.10546875 0.0578125 0.1875
2 0.8578125 0.91015625 0.1296875 0.17578125
11 0.40625 0.77109375 0.03828125 0.3875
12 0.18671875 0.4421875 0.22109375 0.590625