11 0.678125 0.0734375 0.3296875 0.12265625
11 0.66015625 0.24609375 0.3171875 0.12734375
11 0.6703125 0.50859375 0.2046875 0.08203125
11 0.634375 0.3921875 0.31953125 0.11328125
11 0.62109375 0.63359375 0.3171875 0.1203125
11 0.6234375 0.74609375 0.30546875 0.1203125
11 0.5609375 0.88828125 0.31484375 0.1203125
10 0.26328125 0.16875 0.50078125 0.20625
10 0.32421875 0.58671875 0.4953125 0.196875
10 0.25859375 0.3390625 0.509375 0.228125
10 0.2671875 0.4796875 0.43515625 0.19453125
10 0.27265625 0.71171875 0.415625 0.18515625
10 0.29453125 0.821875 0.38203125 0.17578125