10 0.6609375 0.38203125 0.39375 0.4953125
10 0.78828125 0.44609375 0.4140625 0.540625
10 0.3765625 0.2171875 0.334375 0.421875
10 0.55234375 0.2765625 0.3515625 0.45
10 0.21171875 0.553125 0.228125 0.2828125
10 0.453125 0.68046875 0.234375 0.2890625
10 0.3390625 0.61484375 0.2171875 0.2796875
10 0.6328125 0.74140625 0.2765625 0.3453125
11 0.075 0.65703125 0.15 0.1390625
11 0.2015625 0.73046875 0.140625 0.140625
11 0.30625 0.79453125 0.1609375 0.140625
11 0.4640625 0.86484375 0.1546875 0.1625
11 0.628125 0.58828125 0.1015625 0.115625