10 0.53125 0.7328125 0.48828125 0.19921875
10 0.6734375 0.34140625 0.571875 0.2640625
10 0.61640625 0.67421875 0.41796875 0.209375
10 0.66328125 0.58984375 0.4546875 0.228125
10 0.603125 0.85703125 0.4546875 0.228125
10 0.69921875 0.46015625 0.59609375 0.28125
11 0.23046875 0.23828125 0.3171875 0.13671875
11 0.28828125 0.3328125 0.3078125 0.1421875
11 0.21640625 0.64765625 0.1828125 0.09140625
11 0.31640625 0.48671875 0.30546875 0.1296875
11 0.240625 0.759375 0.31953125 0.14921875
11 0.3078125 0.59140625 0.25 0.115625