10 0.3953125 0.759375 0.41328125 0.2953125
10 0.3484375 0.6109375 0.39453125 0.3296875
10 0.5 0.8640625 0.4375 0.2671875
10 0.33984375 0.43984375 0.4015625 0.3890625
10 0.34140625 0.30859375 0.34140625 0.396875
10 0.4078125 0.19921875 0.2640625 0.34609375
11 0.5890625 0.6 0.19921875 0.15625
11 0.625 0.6703125 0.18984375 0.11796875
11 0.57578125 0.52734375 0.19921875 0.196875
11 0.56015625 0.46015625 0.21171875 0.25234375
11 0.68359375 0.73046875 0.209375 0.15859375
11 0.58515625 0.4015625 0.15859375 0.21875
10 0.48046875 0.171875 0.240625 0.34375
11 0.63203125 0.3859375 0.13671875 0.2234375
11 0.671875 0.37265625 0.1109375 0.19453125
10 0.5875 0.1609375 0.19453125 0.321875
11 0.8015625 0.521875 0.1421875 0.1828125
10 0.73203125 0.2296875 0.30546875 0.45703125