10 0.42578125 0.72578125 0.5203125 0.284375
10 0.353125 0.31171875 0.615625 0.3640625
10 0.35078125 0.65234375 0.453125 0.28125
10 0.31953125 0.5609375 0.4921875 0.30625
10 0.33203125 0.8359375 0.4921875 0.30625
10 0.31328125 0.42578125 0.6265625 0.3828125
11 0.81171875 0.2859375 0.3390625 0.1921875
11 0.7375 0.3703125 0.33125 0.1953125
11 0.753125 0.69609375 0.196875 0.1234375
11 0.6828125 0.51796875 0.3265625 0.1828125
11 0.71015625 0.80390625 0.34375 0.2046875
11 0.67265625 0.62421875 0.26875 0.1578125