10 0.89375 0.465625 0.1890625 0.4578125
10 0.75078125 0.44375 0.1453125 0.390625
10 0.3625 0.4734375 0.1140625 0.3640625
10 0.64375 0.43125 0.1515625 0.3515625
10 0.546875 0.43984375 0.1265625 0.328125
10 0.4484375 0.43203125 0.125 0.3046875
11 0.284375 0.42890625 0.0734375 0.2265625
11 0.2375 0.42890625 0.0640625 0.225
11 0.19140625 0.43046875 0.0515625 0.2140625
11 0.146875 0.42578125 0.0609375 0.1875
11 0.06328125 0.434375 0.065625 0.175
11 0.10703125 0.425 0.0640625 0.18125
13 0.02109375 0.40859375 0.0421875 0.1546875