10 0.403125 0.88984375 0.43125 0.2203125
2 0.83828125 0.7328125 0.2859375 0.375
10 0.34453125 0.77578125 0.3828125 0.2046875
10 0.31015625 0.684375 0.3515625 0.1515625
2 0.8890625 0.4515625 0.221875 0.340625
2 0.75546875 0.46640625 0.2359375 0.3203125
10 0.22890625 0.56015625 0.4515625 0.2375
11 0.26015625 0.43359375 0.2953125 0.1625
2 0.74140625 0.21796875 0.2421875 0.3546875
10 0.165625 0.34296875 0.33125 0.2015625
2 0.79296875 0.10234375 0.2609375 0.2046875
2 0.596875 0.11484375 0.19375 0.2296875
10 0.15390625 0.21015625 0.3078125 0.1859375
11 0.38203125 0.12890625 0.190625 0.146875
11 0.41875 0.26484375 0.2140625 0.134375
11 0.515625 0.446875 0.2234375 0.1265625
11 0.56328125 0.590625 0.2234375 0.1265625
11 0.59453125 0.70234375 0.1984375 0.134375
11 0.671875 0.8125 0.165625 0.1109375