11 0.7875 0.228125 0.07421875 0.2640625
11 0.5484375 0.31328125 0.0578125 0.25703125
11 0.3421875 0.38671875 0.05546875 0.26953125
11 0.17421875 0.3890625 0.0671875 0.240625
11 0.25234375 0.4 0.040625 0.15859375
11 0.44609375 0.446875 0.0484375 0.240625
11 0.6609375 0.45703125 0.06015625 0.2359375
10 0.17421875 0.69140625 0.0796875 0.34453125
10 0.2640625 0.68359375 0.08046875 0.40703125
10 0.34453125 0.70234375 0.103125 0.328125
10 0.4546875 0.73359375 0.10390625 0.325
10 0.5578125 0.6578125 0.13203125 0.41328125
10 0.66640625 0.734375 0.08984375 0.32265625
10 0.78515625 0.621875 0.1578125 0.49375