10 0.59296875 0.1109375 0.4953125 0.221875
2 0.15 0.25234375 0.3 0.4109375
10 0.6640625 0.178125 0.440625 0.309375
10 0.7140625 0.27109375 0.459375 0.26875
2 0.11328125 0.55390625 0.2265625 0.3703125
2 0.24453125 0.53515625 0.265625 0.35
10 0.76640625 0.41953125 0.4671875 0.3484375
10 0.778125 0.54296875 0.3203125 0.1875
2 0.27421875 0.8015625 0.2765625 0.3890625
10 0.83125 0.6359375 0.3375 0.3
2 0.2234375 0.90625 0.2875 0.1875
2 0.43203125 0.88828125 0.2140625 0.2234375
10 0.859375 0.778125 0.28125 0.30625
11 0.31484375 0.1765625 0.2 0.1296875
11 0.39296875 0.30390625 0.190625 0.1484375
11 0.43125 0.39921875 0.2 0.1484375
11 0.50234375 0.56796875 0.2140625 0.1203125
11 0.62421875 0.7484375 0.2125 0.1421875
11 0.66796875 0.87890625 0.1765625 0.1359375