11 0.35859375 0.24765625 0.121875 0.15625
11 0.49140625 0.28203125 0.1328125 0.16875
7 0.5953125 0.28359375 0.1578125 0.203125
11 0.5953125 0.29375 0.1453125 0.1796875
11 0.6984375 0.29375 0.1484375 0.1953125
11 0.79140625 0.31015625 0.140625 0.19375
11 0.8609375 0.31484375 0.1453125 0.2078125
11 0.92734375 0.32265625 0.125 0.1953125
10 0.24296875 0.56640625 0.4859375 0.6171875
10 0.38515625 0.5703125 0.409375 0.4984375
10 0.5140625 0.55234375 0.3171875 0.4140625
10 0.6359375 0.53125 0.2578125 0.3265625
10 0.72734375 0.54453125 0.2359375 0.3171875
10 0.81640625 0.53984375 0.2234375 0.303125
10 0.88125 0.56640625 0.2375 0.3609375