10 0.6546875 0.375 0.365625 0.46875
10 0.7796875 0.4328125 0.384375 0.51171875
10 0.37265625 0.225 0.31015625 0.39921875
10 0.5453125 0.2765625 0.3265625 0.42578125
10 0.225 0.55703125 0.21171875 0.2671875
10 0.4625 0.671875 0.21875 0.27421875
10 0.34921875 0.61171875 0.2015625 0.2640625
10 0.6390625 0.725 0.25703125 0.3265625
11 0.09453125 0.6625 0.14296875 0.1296875
11 0.22109375 0.72890625 0.1328125 0.13203125
11 0.32421875 0.78671875 0.15234375 0.13125
11 0.4796875 0.85 0.14453125 0.153125
11 0.6296875 0.5765625 0.0953125 0.109375