11 0.1015625 0.61484375 0.203125 0.3546875
11 0.22734375 0.63515625 0.209375 0.340625
11 0.346875 0.64140625 0.2 0.328125
11 0.43125 0.6734375 0.153125 0.24375
11 0.53984375 0.6515625 0.2 0.3234375
11 0.6296875 0.675 0.2046875 0.321875
11 0.7578125 0.62734375 0.21875 0.3546875
10 0.3265625 0.26015625 0.4125 0.5203125
10 0.44921875 0.265625 0.3546875 0.53125
10 0.625 0.340625 0.321875 0.5234375
10 0.5515625 0.28984375 0.33125 0.5078125
10 0.7234375 0.33203125 0.271875 0.4328125
10 0.7984375 0.3703125 0.265625 0.4140625