10 0.49375 0.178125 0.6046875 0.35546875
10 0.56953125 0.30078125 0.5453125 0.33671875
10 0.6625 0.41953125 0.478125 0.2984375
10 0.78515625 0.7484375 0.42578125 0.25703125
10 0.74140625 0.5296875 0.4015625 0.25703125
10 0.7875 0.63671875 0.3921875 0.228125
11 0.0953125 0.3234375 0.190625 0.11953125
11 0.21484375 0.4296875 0.2359375 0.140625
11 0.328125 0.5484375 0.26640625 0.146875
11 0.4703125 0.65078125 0.24375 0.11640625
11 0.5 0.7515625 0.24453125 0.115625
11 0.49375 0.87421875 0.2078125 0.12890625