5 0.43671875 0.8078125 0.1734375 0.384375
5 0.590625 0.75859375 0.1546875 0.4640625
5 0.66875 0.71640625 0.165625 0.478125
5 0.7421875 0.66484375 0.1796875 0.4515625
5 0.8203125 0.66640625 0.165625 0.4484375
5 0.90234375 0.6046875 0.1890625 0.49375
10 0.56015625 0.3171875 0.21875 0.403125
10 0.63046875 0.2984375 0.1640625 0.375
2 0.990625 0.19296875 0.01875 0.2578125
11 0.6859375 0.08046875 0.090625 0.134375
12 0.403125 0.275 0.240625 0.2546875
12 0.125 0.11640625 0.19375 0.2328125
12 0.2703125 0.12421875 0.19375 0.2484375
12 0.49140625 0.084375 0.2546875 0.16875
12 0.74921875 0.26875 0.1828125 0.2390625
12 0.24609375 0.4453125 0.2453125 0.28125
11 0.725 0.0859375 0.078125 0.134375