11 0.61953125 0.73046875 0.121875 0.1578125
11 0.4828125 0.69453125 0.13125 0.1734375
11 0.375 0.6921875 0.1578125 0.20625
11 0.3765625 0.6828125 0.14375 0.184375
11 0.26875 0.68125 0.146875 0.2
11 0.17109375 0.66484375 0.140625 0.196875
11 0.0984375 0.66015625 0.14375 0.209375
11 0.04765625 0.65234375 0.09375 0.2
10 0.75 0.3984375 0.5 0.628125
10 0.59375 0.39453125 0.4078125 0.5078125
10 0.459375 0.41484375 0.315625 0.4234375
10 0.33125 0.43515625 0.25625 0.33125
10 0.23671875 0.42265625 0.234375 0.321875
10 0.14453125 0.42734375 0.221875 0.3078125
10 0.0984375 0.403125 0.196875 0.36875