5 0.43125 0.2078125 0.1203125 0.40859375
5 0.5609375 0.303125 0.09609375 0.40625
5 0.62734375 0.34765625 0.10546875 0.41796875
5 0.6875 0.4 0.1203125 0.39453125
5 0.75703125 0.40625 0.1078125 0.3921875
5 0.82421875 0.46875 0.125 0.43046875
10 0.49296875 0.6921875 0.1609375 0.3453125
10 0.55390625 0.71484375 0.11328125 0.32421875
2 0.934375 0.84609375 0.13125 0.22890625
11 0.584375 0.9265625 0.06953125 0.134375
12 0.34921875 0.715625 0.1953125 0.2078125
12 0.08828125 0.8578125 0.1484375 0.246875
12 0.21640625 0.86640625 0.14921875 0.2671875
12 0.4109375 0.91328125 0.215625 0.1734375
12 0.65625 0.753125 0.14375 0.20078125
12 0.22578125 0.54921875 0.1953125 0.2328125
11 0.61953125 0.928125 0.05625 0.14296875