10 0.44296875 0.740625 0.2640625 0.51875
10 0.153125 0.753125 0.30625 0.49375
10 0.59921875 0.65234375 0.271875 0.4140625
10 0.69140625 0.5484375 0.2875 0.3078125
10 0.7609375 0.4203125 0.3140625 0.234375
11 0.47421875 0.40859375 0.1828125 0.184375
11 0.4015625 0.40859375 0.1765625 0.271875
10 0.77109375 0.31796875 0.3359375 0.225
11 0.5171875 0.35859375 0.2296875 0.16875
11 0.33125 0.39140625 0.10625 0.2609375
11 0.25546875 0.40390625 0.1078125 0.29375
11 0.18203125 0.38984375 0.165625 0.2828125
11 0.50625 0.30546875 0.2140625 0.1375
10 0.68671875 0.19765625 0.31875 0.1875
11 0.421875 0.22734375 0.20625 0.09375
11 0.27578125 0.190625 0.20625 0.11875
10 0.54609375 0.08984375 0.4078125 0.1796875
10 0.284375 0.77109375 0.259375 0.4578125