11 0.41953125 0.27890625 0.16796875 0.11328125
10 0.7015625 0.4546875 0.509375 0.35078125
11 0.3484375 0.35078125 0.165625 0.11796875
10 0.60078125 0.5109375 0.4328125 0.30078125
11 0.3265625 0.421875 0.196875 0.1296875
11 0.2859375 0.4796875 0.1828125 0.11796875
10 0.5421875 0.57109375 0.31484375 0.21640625
11 0.20703125 0.4984375 0.1828125 0.12265625
10 0.4703125 0.61171875 0.271875 0.1875
11 0.1203125 0.5 0.1390625 0.103125
10 0.384375 0.63359375 0.26953125 0.18984375
10 0.296875 0.6359375 0.303125 0.19921875