2 0.38125 0.7484375 0.259375 0.28359375
2 0.57109375 0.81015625 0.2234375 0.2984375
11 0.7859375 0.8625 0.2265625 0.2703125
2 0.7296875 0.85 0.16796875 0.22578125
2 0.665625 0.78984375 0.19453125 0.2765625
2 0.10078125 0.4671875 0.2015625 0.334375
2 0.5421875 0.66015625 0.2640625 0.27890625
10 0.203125 0.4328125 0.40625 0.6875
2 0.50390625 0.51328125 0.30546875 0.39921875
2 0.4078125 0.44140625 0.20703125 0.290625
2 0.82109375 0.625 0.25703125 0.3703125
2 0.82109375 0.62265625 0.24765625 0.35546875
2 0.30390625 0.31484375 0.2671875 0.25234375
2 0.75234375 0.4234375 0.365625 0.48828125
2 0.3890625 0.2515625 0.259375 0.2328125
2 0.60703125 0.3140625 0.26171875 0.21640625
2 0.41015625 0.125 0.27421875 0.240625
2 0.8859375 0.35 0.2234375 0.415625
2 0.665625 0.1875 0.40859375 0.375
2 0.39453125 0.0921875 0.3921875 0.184375
2 0.78515625 0.1453125 0.271875 0.2046875
2 0.1046875 0.72578125 0.209375 0.22109375
2 0.21171875 0.77421875 0.2359375 0.2671875
10 0.30390625 0.771875 0.2359375 0.3078125