11 0.59765625 0.59609375 0.12265625 0.240625
11 0.70859375 0.6140625 0.0984375 0.2359375
10 0.23671875 0.32578125 0.31015625 0.6078125
10 0.39296875 0.31484375 0.2328125 0.509375
10 0.5359375 0.31640625 0.19453125 0.44453125
10 0.83984375 0.365625 0.16796875 0.4234375
10 0.66015625 0.303125 0.1875 0.3890625
10 0.76953125 0.3265625 0.1828125 0.3703125
11 0.16328125 0.7125 0.1078125 0.2359375
11 0.32265625 0.6515625 0.11328125 0.24765625
11 0.46484375 0.634375 0.1296875 0.27421875
11 0.77734375 0.67578125 0.09140625 0.22109375