10 0.5890625 0.6375 0.3234375 0.2890625
10 0.490625 0.571875 0.2828125 0.2625
11 0.90234375 0.56015625 0.1953125 0.1984375
10 0.40859375 0.49609375 0.2828125 0.278125
11 0.81875 0.46328125 0.2359375 0.221875
10 0.32734375 0.4234375 0.2828125 0.265625
11 0.7015625 0.39921875 0.240625 0.21875
10 0.271875 0.3296875 0.3515625 0.3515625
11 0.60546875 0.33671875 0.2015625 0.1921875
11 0.50234375 0.27734375 0.1546875 0.15
10 0.19296875 0.2390625 0.3609375 0.3515625
11 0.49140625 0.1375 0.1578125 0.1578125
11 0.403125 0.0640625 0.1453125 0.1265625
10 0.803125 0.78203125 0.3765625 0.3125
10 0.6921875 0.70859375 0.334375 0.296875