11 0.334375 0.2203125 0.04296875 0.25234375
11 0.46171875 0.2875 0.05546875 0.2328125
11 0.58671875 0.36171875 0.03828125 0.240625
11 0.8734375 0.453125 0.03828125 0.19921875
11 0.70078125 0.45703125 0.04296875 0.228125
11 0.79453125 0.50390625 0.04296875 0.2046875
10 0.18359375 0.6296875 0.16328125 0.678125
10 0.34609375 0.66796875 0.134375 0.63203125
10 0.46875 0.6875 0.12265625 0.5625
10 0.5953125 0.73203125 0.09375 0.490625
10 0.87109375 0.77265625 0.071875 0.41796875
10 0.696875 0.7796875 0.115625 0.41796875
10 0.78359375 0.78828125 0.071875 0.3703125
11 0.17890625 0.16953125 0.040625 0.2453125