11 0.640625 0.7203125 0.11328125 0.146875
11 0.5140625 0.68984375 0.12265625 0.15859375
7 0.415625 0.68984375 0.146875 0.18984375
11 0.415625 0.68046875 0.134375 0.16796875
11 0.31875 0.68125 0.13671875 0.1828125
11 0.2296875 0.6671875 0.1296875 0.18046875
11 0.16328125 0.66484375 0.134375 0.19453125
11 0.10078125 0.65859375 0.115625 0.1828125
10 0.75859375 0.415625 0.478125 0.5765625
10 0.609375 0.41484375 0.3796875 0.46640625
10 0.48828125 0.43359375 0.29296875 0.38671875
10 0.37265625 0.45546875 0.23828125 0.30546875
10 0.2859375 0.44453125 0.21875 0.2953125
10 0.2015625 0.45078125 0.20703125 0.28359375
10 0.13671875 0.42890625 0.228125 0.33671875