10 0.38984375 0.33515625 0.4125 0.39375
10 0.49765625 0.384375 0.3640625 0.353125
11 0.109375 0.4703125 0.21875 0.265625
10 0.59140625 0.4453125 0.371875 0.3703125
11 0.18828125 0.54296875 0.3046875 0.296875
10 0.6828125 0.50546875 0.3671875 0.359375
11 0.3171875 0.5875 0.3109375 0.2984375
10 0.75234375 0.58984375 0.4609375 0.4609375
11 0.42421875 0.63515625 0.259375 0.253125
11 0.5328125 0.67734375 0.203125 0.2
10 0.8046875 0.6578125 0.390625 0.453125
11 0.565625 0.8140625 0.209375 0.209375
11 0.66640625 0.8890625 0.1984375 0.2015625
10 0.20390625 0.23515625 0.375 0.415625
10 0.27578125 0.278125 0.425 0.40625