10 0.4765625 0.1484375 0.6875 0.296875
10 0.5921875 0.5640625 0.5671875 0.328125
10 0.54765625 0.23515625 0.6078125 0.3671875
10 0.584375 0.3796875 0.578125 0.3265625
10 0.675 0.8828125 0.49375 0.234375
10 0.6640625 0.68203125 0.4625 0.2671875
10 0.69765625 0.796875 0.43125 0.2359375
11 0.1109375 0.12890625 0.146875 0.1046875
11 0.19765625 0.62421875 0.2734375 0.1375
11 0.15390625 0.28359375 0.2359375 0.11875
11 0.2171875 0.41796875 0.2171875 0.1078125
11 0.32109375 0.72578125 0.2734375 0.1375
11 0.3546875 0.9328125 0.2 0.1109375
11 0.3765625 0.8375 0.2671875 0.1359375