11 0.196875 0.0921875 0.225 0.1390625
11 0.31953125 0.28125 0.18125 0.1078125
11 0.33515625 0.41953125 0.19375 0.1015625
11 0.3609375 0.5453125 0.1828125 0.0953125
11 0.390625 0.6578125 0.18125 0.0859375
10 0.528125 0.2265625 0.54375 0.3578125
11 0.4421875 0.765625 0.1546875 0.0828125
11 0.45625 0.86875 0.140625 0.0984375
10 0.5609375 0.39375 0.390625 0.2546875
10 0.5640625 0.50703125 0.3546875 0.2078125
10 0.57734375 0.6140625 0.3015625 0.1546875
10 0.5890625 0.70078125 0.265625 0.146875
10 0.61171875 0.7921875 0.20625 0.125
10 0.609375 0.8703125 0.2 0.1375
10 0.77890625 0.53203125 0.1640625 0.3015625
11 0.7765625 0.7453125 0.1046875 0.1875
10 0.82265625 0.73203125 0.1453125 0.3046875
11 0.8828125 0.51875 0.0765625 0.1625