11 0.7578125 0.8625 0.209375 0.275
11 0.61953125 0.78359375 0.2125 0.3671875
11 0.38984375 0.6125 0.1375 0.2375
11 0.515625 0.66171875 0.1984375 0.3671875
11 0.31875 0.484375 0.20625 0.36875
11 0.221875 0.4078125 0.203125 0.353125
11 0.14453125 0.26015625 0.2046875 0.3625
10 0.871875 0.478125 0.25625 0.65625
10 0.5578125 0.2765625 0.325 0.553125
10 0.81640625 0.3796875 0.3671875 0.596875
10 0.69140625 0.2921875 0.3125 0.509375
10 0.48125 0.190625 0.28125 0.38125
10 0.37109375 0.15234375 0.2609375 0.3046875