13 0.26328125 0.30625 0.1875 0.259375
13 0.36171875 0.30859375 0.1828125 0.25
13 0.17890625 0.31640625 0.1703125 0.2640625
13 0.63671875 0.3171875 0.18515625 0.2640625
13 0.0953125 0.31875 0.18046875 0.2671875
13 0.53828125 0.321875 0.1875 0.259375
13 0.4546875 0.32578125 0.2046875 0.2640625
13 0.9078125 0.3296875 0.1828125 0.30078125
13 0.7359375 0.33046875 0.19921875 0.27890625
13 0.48203125 0.609375 0.15859375 0.2546875
13 0.26328125 0.66484375 0.178125 0.22109375
13 0.7171875 0.6703125 0.25703125 0.28359375
13 0.1109375 0.68125 0.18046875 0.25234375
13 0.38828125 0.8125 0.1515625 0.2359375
13 0.15390625 0.83046875 0.2046875 0.25234375
10 0.88203125 0.72109375 0.21796875 0.2234375