11 0.8 0.21875 0.11875 0.3015625
11 0.665625 0.36015625 0.1078125 0.275
11 0.55703125 0.4515625 0.0859375 0.2421875
11 0.46328125 0.4578125 0.090625 0.25
11 0.3640625 0.49296875 0.0734375 0.190625
11 0.28984375 0.54140625 0.0890625 0.2453125
11 0.209375 0.55859375 0.0671875 0.165625
10 0.67734375 0.67890625 0.2640625 0.6296875
10 0.56875 0.7328125 0.1984375 0.478125
10 0.47578125 0.75390625 0.159375 0.396875
10 0.38984375 0.7484375 0.1421875 0.3578125
10 0.30703125 0.75078125 0.1359375 0.3609375
10 0.22265625 0.78515625 0.1015625 0.2609375
10 0.1625 0.77109375 0.090625 0.2546875