2 0.225 0.48828125 0.240625 0.18984375
2 0.259375 0.290625 0.2765625 0.134375
10 0.2703125 0.07421875 0.46875 0.09140625
2 0.29921875 0.13359375 0.2140625 0.10078125
2 0.321875 0.2171875 0.2640625 0.10546875
2 0.3296875 0.89296875 0.3078125 0.15625
2 0.37890625 0.38828125 0.23046875 0.19921875
10 0.40234375 0.828125 0.6609375 0.26171875
2 0.4890625 0.49140625 0.36796875 0.1875
2 0.50859375 0.6109375 0.27890625 0.115625
2 0.540625 0.1578125 0.35546875 0.1390625
2 0.5421875 0.15859375 0.34140625 0.13203125
2 0.571875 0.759375 0.18984375 0.21875
2 0.6859375 0.3140625 0.459375 0.21640625
2 0.66796875 0.71484375 0.165625 0.21875
2 0.71484375 0.49296875 0.14453125 0.2328125
2 0.78828125 0.75625 0.1734375 0.2328125
2 0.8390625 0.15859375 0.3171875 0.29296875
2 0.8546875 0.50625 0.2859375 0.334375
2 0.8765625 0.82109375 0.228125 0.34140625
2 0.94140625 0.415625 0.11328125 0.2546875
2 0.10546875 0.759375 0.15859375 0.2046875
2 0.12265625 0.6265625 0.228125 0.16796875
11 0.16796875 0.5453125 0.2859375 0.14453125