11 0.28515625 0.1859375 0.0453125 0.28125
11 0.3765625 0.34609375 0.040625 0.25703125
11 0.4546875 0.4546875 0.0265625 0.228125
11 0.53828125 0.48203125 0.02890625 0.2359375
11 0.62109375 0.5359375 0.0265625 0.178125
11 0.678125 0.59765625 0.02890625 0.23046875
11 0.74765625 0.63203125 0.0265625 0.15390625
10 0.2921875 0.634375 0.1109375 0.584375
10 0.3796875 0.709375 0.08203125 0.44453125
10 0.459375 0.75 0.0625 0.3703125
10 0.53984375 0.7640625 0.05546875 0.334375
10 0.6140625 0.78515625 0.0484375 0.3390625
10 0.68359375 0.8359375 0.03828125 0.24453125
10 0.74140625 0.83671875 0.02890625 0.240625