11 0.64921875 0.33671875 0.2046875 0.10546875
11 0.1421875 0.44140625 0.15390625 0.0765625
11 0.1765625 0.59609375 0.23046875 0.115625
11 0.24765625 0.8078125 0.21171875 0.11328125
13 0.76953125 0.51328125 0.18984375 0.0984375
11 0.6625 0.22265625 0.16796875 0.0984375
10 0.31640625 0.30703125 0.53046875 0.21875
10 0.4546875 0.34375 0.45390625 0.1703125
10 0.3390625 0.42265625 0.446875 0.14140625
10 0.61640625 0.43984375 0.62265625 0.26875
10 0.3890625 0.60625 0.603125 0.20546875
10 0.64765625 0.63515625 0.55078125 0.2703125