10 0.34140625 0.134375 0.41796875 0.2328125
2 0.77734375 0.23046875 0.228125 0.334375
10 0.29921875 0.26328125 0.36328125 0.209375
10 0.27265625 0.3546875 0.3890625 0.165625
2 0.8890625 0.490625 0.209375 0.30546875
2 0.73671875 0.5 0.18515625 0.28359375
10 0.2234375 0.5 0.4421875 0.23828125
10 0.2671875 0.60703125 0.271875 0.115625
2 0.7609375 0.740625 0.1875 0.31953125
10 0.1859375 0.7046875 0.371875 0.209375
2 0.834375 0.87890625 0.22109375 0.23828125
2 0.6421875 0.87890625 0.15390625 0.23828125
10 0.1734375 0.8390625 0.34609375 0.22109375
11 0.6078125 0.19609375 0.16640625 0.08515625
11 0.5625 0.3234375 0.15390625 0.1046875
11 0.546875 0.41484375 0.16328125 0.1015625
11 0.515625 0.578125 0.1828125 0.07265625
11 0.4421875 0.759375 0.1765625 0.09375
11 0.428125 0.8828125 0.1421875 0.09453125