2 0.928125 0.23046875 0.0890625 0.26875
2 0.7734375 0.25625 0.09375 0.2765625
2 0.81953125 0.27890625 0.0890625 0.2640625
2 0.88046875 0.2875 0.071875 0.240625
2 0.6328125 0.33046875 0.0828125 0.20625
2 0.72109375 0.35546875 0.1203125 0.2078125
2 0.8859375 0.44296875 0.146875 0.1609375
2 0.640625 0.44921875 0.125 0.1328125
2 0.84296875 0.50234375 0.0640625 0.2640625
2 0.95234375 0.52265625 0.0953125 0.2609375
2 0.5609375 0.5515625 0.0734375 0.2609375
2 0.75390625 0.61640625 0.15 0.20625
2 0.640625 0.68046875 0.121875 0.1625
10 0.41171875 0.71328125 0.10625 0.571875
2 0.80078125 0.7390625 0.1546875 0.203125
2 0.89765625 0.80234375 0.1546875 0.3953125
2 0.72578125 0.8828125 0.1234375 0.115625
2 0.803125 0.90859375 0.0625 0.1828125
2 0.875 0.0921875 0.1359375 0.1734375
11 0.40859375 0.221875 0.046875 0.4
12 0.1765625 0.55625 0.2375 0.6109375