10 0.615625 0.6484375 0.2953125 0.5328125
10 0.86328125 0.56328125 0.2734375 0.5921875
10 0.43515625 0.63359375 0.2953125 0.421875
10 0.30546875 0.58125 0.3015625 0.3203125
10 0.1875 0.49609375 0.321875 0.2515625
11 0.440625 0.36015625 0.190625 0.1921875
11 0.50546875 0.32890625 0.1921875 0.2765625
10 0.15234375 0.4078125 0.3046875 0.24375
11 0.3796875 0.334375 0.2359375 0.18125
11 0.5609375 0.28125 0.121875 0.2609375
11 0.634375 0.26015625 0.1265625 0.2921875
11 0.69453125 0.215625 0.1828125 0.2859375
11 0.3671875 0.28125 0.2171875 0.15
10 0.159375 0.2625 0.31875 0.20625
11 0.4078125 0.1734375 0.2078125 0.10625
11 0.5234375 0.07734375 0.209375 0.13125
10 0.23203125 0.10859375 0.3984375 0.2
10 0.7875 0.6484375 0.3 0.5578125