11 0.8125 0.1625 0.1203125 0.32421875
11 0.6625 0.24765625 0.12265625 0.3171875
11 0.41953125 0.3484375 0.0796875 0.2046875
11 0.5421875 0.3328125 0.1078125 0.31953125
11 0.328125 0.446875 0.115625 0.31953125
11 0.225 0.49375 0.115625 0.30546875
11 0.12265625 0.6078125 0.115625 0.31484375
10 0.88203125 0.58515625 0.23046875 0.57421875
10 0.49609375 0.69453125 0.1875 0.4953125
10 0.7484375 0.6515625 0.22109375 0.509375
10 0.61640625 0.70078125 0.1875 0.43515625
10 0.4046875 0.7921875 0.18046875 0.4109375
10 0.29453125 0.8140625 0.1703125 0.36796875