10 0.7734375 0.171875 0.4375 0.2203125
2 0.28828125 0.1859375 0.2640625 0.3703125
10 0.78359375 0.31953125 0.3890625 0.1765625
10 0.78515625 0.42109375 0.3625 0.1203125
2 0.11953125 0.434375 0.2390625 0.340625
2 0.275 0.475 0.2171875 0.3171875
10 0.7953125 0.56796875 0.409375 0.1984375
11 0.7453125 0.6828125 0.3 0.140625
2 0.20078125 0.72109375 0.21875 0.3546875
10 0.803125 0.809375 0.3375 0.16875
2 0.1078125 0.840625 0.215625 0.25
2 0.29765625 0.871875 0.1703125 0.228125
10 0.78125 0.93671875 0.34375 0.1265625
11 0.51796875 0.93359375 0.1890625 0.1328125
11 0.53125 0.790625 0.215625 0.11875
11 0.50078125 0.5796875 0.228125 0.1109375
11 0.50546875 0.421875 0.2265625 0.109375
11 0.5140625 0.3015625 0.1984375 0.121875
11 0.478125 0.16796875 0.1671875 0.0984375