10 0.44140625 0.31484375 0.4546875 0.5609375
10 0.30078125 0.2984375 0.478125 0.5890625
10 0.78046875 0.35703125 0.384375 0.475
10 0.5984375 0.2953125 0.40625 0.5078125
10 0.69375 0.71953125 0.2375 0.278125
10 0.42890625 0.68984375 0.2734375 0.3296875
10 0.56328125 0.70859375 0.253125 0.3140625
10 0.24296875 0.62890625 0.321875 0.390625
11 0.2859375 0.85234375 0.1390625 0.184375
11 0.47421875 0.89375 0.0890625 0.178125
11 0.609375 0.903125 0.0765625 0.1671875
11 0.75234375 0.89375 0.0734375 0.1328125