11 0.6359375 0.27734375 0.1109375 0.14453125
11 0.5109375 0.31015625 0.1203125 0.15859375
11 0.4125 0.3125 0.14453125 0.1875
11 0.41328125 0.32109375 0.13203125 0.16796875
11 0.31484375 0.321875 0.134375 0.1828125
11 0.22578125 0.3375 0.12734375 0.18046875
11 0.16015625 0.34140625 0.13203125 0.1921875
11 0.0984375 0.3484375 0.115625 0.1828125
10 0.76171875 0.58046875 0.47109375 0.57421875
10 0.61171875 0.584375 0.37265625 0.4640625
10 0.4890625 0.56640625 0.28828125 0.38671875
10 0.37265625 0.546875 0.2328125 0.303125
10 0.2859375 0.55859375 0.2140625 0.29296875
10 0.2015625 0.55390625 0.2015625 0.28125
10 0.13828125 0.5765625 0.2234375 0.33671875