11 0.30859375 0.9359375 0.1421875 0.12265625
11 0.446875 0.84140625 0.14453125 0.21171875
11 0.56640625 0.73203125 0.15859375 0.2234375
11 0.6421875 0.62265625 0.14453125 0.2046875
11 0.73046875 0.521875 0.125 0.1875
11 0.921875 0.415625 0.0890625 0.13203125
11 0.8125 0.421875 0.11796875 0.1734375
10 0.1734375 0.64765625 0.34609375 0.55078125
10 0.2875 0.540625 0.3125 0.4640625
10 0.4109375 0.45078125 0.33203125 0.46171875
10 0.51953125 0.37265625 0.25 0.36796875
10 0.81484375 0.2046875 0.22109375 0.34140625
10 0.6109375 0.28828125 0.23046875 0.3296875
10 0.7125 0.2234375 0.2140625 0.303125