5 0.68828125 0.5625 0.4203125 0.15
5 0.67578125 0.51015625 0.4390625 0.1578125
5 0.66015625 0.45859375 0.434375 0.15
5 0.64296875 0.39765625 0.4484375 0.1609375
5 0.63046875 0.3421875 0.4375 0.15
5 0.61484375 0.28359375 0.4484375 0.1578125
5 0.59609375 0.22734375 0.459375 0.1671875
5 0.58046875 0.1640625 0.46875 0.16875
2 0.34375 0.15546875 0.275 0.121875
2 0.33984375 0.10390625 0.2640625 0.1140625
10 0.33125 0.54296875 0.2078125 0.19375
12 0.33359375 0.93203125 0.1640625 0.1359375
12 0.52578125 0.7671875 0.2640625 0.190625
12 0.325 0.8125 0.1421875 0.06875
12 0.26171875 0.69453125 0.1640625 0.2140625
12 0.365625 0.6640625 0.1265625 0.1734375
12 0.31953125 0.4109375 0.125 0.146875