11 0.728125 0.74453125 0.0671875 0.27421875
11 0.87890625 0.74765625 0.10078125 0.2765625
11 0.5734375 0.72578125 0.0765625 0.27421875
10 0.24140625 0.63828125 0.18515625 0.490625
10 0.0921875 0.62265625 0.184375 0.4828125
10 0.4046875 0.6453125 0.178125 0.49765625
10 0.91484375 0.35703125 0.1609375 0.48828125
10 0.75234375 0.33671875 0.15390625 0.50234375
10 0.6 0.32578125 0.18515625 0.5046875
11 0.43125 0.234375 0.0796875 0.30546875
11 0.275 0.21875 0.06953125 0.31484375
11 0.1234375 0.20546875 0.06953125 0.30546875