11 0.74765625 0.86328125 0.1828125 0.2734375
11 0.61015625 0.7875 0.1875 0.346875
11 0.38359375 0.6375 0.1203125 0.2234375
11 0.5046875 0.6765625 0.1734375 0.3453125
11 0.31015625 0.51875 0.1796875 0.346875
11 0.2140625 0.45078125 0.178125 0.3328125
11 0.13359375 0.31484375 0.1796875 0.3421875
10 0.8625 0.48671875 0.275 0.6265625
10 0.5296875 0.30078125 0.2875 0.540625
10 0.77734375 0.39375 0.325 0.5609375
10 0.653125 0.31796875 0.2765625 0.478125
10 0.45390625 0.2046875 0.2609375 0.409375
10 0.346875 0.17109375 0.24375 0.3421875