11 0.07265625 0.703125 0.1375 0.171875
11 0.1109375 0.60859375 0.2203125 0.1765625
11 0.1859375 0.52890625 0.25625 0.1703125
11 0.271875 0.42890625 0.2609375 0.1703125
11 0.32578125 0.32734375 0.2515625 0.1640625
11 0.403125 0.23125 0.2671875 0.175
11 0.45703125 0.1421875 0.259375 0.165625
11 0.55390625 0.07734375 0.2765625 0.1546875
10 0.83828125 0.20625 0.3078125 0.19375
10 0.7875 0.315625 0.421875 0.3
10 0.765625 0.4125 0.46875 0.29375
10 0.725 0.5140625 0.55 0.34375
10 0.67109375 0.61015625 0.5421875 0.31875
10 0.6 0.7171875 0.5828125 0.3421875
10 0.52109375 0.81796875 0.6421875 0.3640625
10 0.3890625 0.8703125 0.525 0.259375