12 0.3140625 0.1703125 0.0765625 0.0765625
12 0.44140625 0.20703125 0.06015625 0.05546875
12 0.37109375 0.1984375 0.0796875 0.08671875
12 0.35546875 0.290625 0.0671875 0.08671875
12 0.4125 0.31015625 0.07421875 0.08203125
12 0.4671875 0.32578125 0.05078125 0.0625
12 0.27890625 0.2796875 0.0625 0.071875
12 0.6734375 0.4546875 0.071875 0.084375
12 0.26328125 0.34609375 0.0671875 0.0578125
12 0.4375 0.40234375 0.053125 0.06484375
12 0.321875 0.3796875 0.06953125 0.0890625
12 0.37265625 0.40625 0.06484375 0.071875
12 0.6890625 0.5375 0.06953125 0.1078125
12 0.72109375 0.6109375 0.06015625 0.0765625
12 0.56015625 0.59375 0.05078125 0.0625
12 0.27734375 0.55625 0.053125 0.0671875
12 0.390625 0.5921875 0.0484375 0.0671875
12 0.328125 0.5796875 0.07421875 0.08203125
12 0.2125 0.5515625 0.06953125 0.06953125
12 0.56328125 0.678125 0.07421875 0.1078125
12 0.2546875 0.63828125 0.05078125 0.0625
12 0.1671875 0.63828125 0.05078125 0.08671875
12 0.30078125 0.678125 0.0671875 0.08203125
3 0.2796875 0.740625 0.0578125 0.05546875
3 0.3328125 0.7796875 0.06953125 0.0890625
12 0.225 0.75 0.06015625 0.084375
12 0.1578125 0.7328125 0.0765625 0.09375