11 0.8765625 0.178125 0.2046875 0.0890625
11 0.71484375 0.328125 0.165625 0.0671875
11 0.66796875 0.45546875 0.18046875 0.0578125
11 0.6140625 0.56875 0.1703125 0.053125
11 0.55859375 0.66796875 0.1703125 0.04296875
10 0.53125 0.22734375 0.48828125 0.23828125
11 0.484375 0.75859375 0.14453125 0.0484375
11 0.446875 0.85234375 0.125 0.0671875
10 0.46015625 0.37734375 0.35078125 0.16796875
10 0.43046875 0.484375 0.32421875 0.12734375
10 0.39296875 0.5828125 0.28125 0.08671875
10 0.3609375 0.6625 0.2453125 0.08671875
10 0.31875 0.74296875 0.1875 0.0796875
10 0.3015625 0.8171875 0.178125 0.09375
10 0.22109375 0.4578125 0.09609375 0.27890625
11 0.1734375 0.66015625 0.0625 0.1734375
10 0.13203125 0.6359375 0.07421875 0.28828125
11 0.1265625 0.4203125 0.03828125 0.15390625