10 0.30703125 0.85625 0.39296875 0.159375
2 0.75703125 0.7875 0.209375 0.32421875
10 0.28125 0.71953125 0.353125 0.12265625
10 0.26796875 0.62578125 0.33359375 0.0734375
2 0.88671875 0.5359375 0.1921875 0.2984375
2 0.73671875 0.5171875 0.1703125 0.27890625
10 0.21875 0.490625 0.4171875 0.140625
11 0.275 0.37734375 0.271875 0.0984375
2 0.77734375 0.27890625 0.16796875 0.31484375
10 0.184375 0.2671875 0.34765625 0.12109375
2 0.86328125 0.13125 0.2015625 0.26171875
2 0.66953125 0.125 0.13671875 0.25
10 0.18515625 0.13671875 0.36953125 0.10078125
11 0.45703125 0.115625 0.165625 0.1078125
11 0.46171875 0.25234375 0.1921875 0.0890625
11 0.51484375 0.4453125 0.20546875 0.07890625
11 0.528125 0.5921875 0.2046875 0.078125
11 0.53359375 0.7046875 0.17578125 0.09296875
11 0.58203125 0.82578125 0.14765625 0.07578125