11 0.19921875 0.2203125 0.35078125 0.0484375
11 0.2515625 0.34140625 0.34140625 0.03828125
11 0.30546875 0.44609375 0.33203125 0.03359375
11 0.31875 0.53515625 0.240625 0.03359375
11 0.390625 0.61640625 0.32421875 0.0359375
11 0.41484375 0.7046875 0.3171875 0.0453125
11 0.51953125 0.79296875 0.35546875 0.03828125
10 0.66484375 0.21875 0.59140625 0.1203125
10 0.6828125 0.34375 0.52890625 0.09375
10 0.69921875 0.53515625 0.52421875 0.0578125
10 0.70546875 0.44765625 0.4953125 0.08203125
10 0.75390625 0.615625 0.428125 0.0578125
10 0.75859375 0.6984375 0.40390625 0.06484375