10 0.2765625 0.21015625 0.1203125 0.4203125
10 0.39453125 0.25 0.22578125 0.38671875
10 0.49765625 0.32421875 0.36796875 0.3078125
10 0.6109375 0.4375 0.58671875 0.22109375
11 0.234375 0.4671875 0.16796875 0.15859375
11 0.22734375 0.47578125 0.196875 0.0765625
11 0.25390625 0.48203125 0.09375 0.165625
11 0.23828125 0.48828125 0.17578125 0.0578125
11 0.24765625 0.49140625 0.09375 0.165625
11 0.23671875 0.4953125 0.1703125 0.14921875
10 0.509375 0.58515625 0.4015625 0.16328125
10 0.4609375 0.715625 0.3921875 0.3578125
10 0.33671875 0.7609375 0.21875 0.396875
10 0.2234375 0.76953125 0.103125 0.39453125