10 0.25078125 0.6671875 0.13125 0.3515625
5 0.3453125 0.67578125 0.1703125 0.321875
5 0.5265625 0.72734375 0.15625 0.2984375
5 0.60703125 0.75859375 0.1515625 0.30546875
10 0.04375 0.62421875 0.0875 0.30859375
5 0.4359375 0.7125 0.15625 0.30546875
10 0.13828125 0.64609375 0.11953125 0.2890625
5 0.8546875 0.2609375 0.15390625 0.30078125
5 0.94140625 0.32421875 0.11328125 0.3609375
11 0.0875 0.40390625 0.06875 0.15
11 0.1765625 0.42109375 0.05234375 0.17109375
11 0.33046875 0.4140625 0.07890625 0.1546875