11 0.07109375 0.6859375 0.1390625 0.165625
11 0.1109375 0.5953125 0.22109375 0.165625
11 0.1921875 0.51796875 0.24765625 0.15859375
11 0.2796875 0.421875 0.25234375 0.15859375
11 0.33671875 0.3234375 0.24296875 0.15390625
11 0.415625 0.23203125 0.25703125 0.16328125
11 0.47265625 0.1453125 0.25 0.15390625
11 0.57109375 0.0796875 0.2671875 0.15859375
10 0.8484375 0.2234375 0.30234375 0.17890625
10 0.79453125 0.3296875 0.41015625 0.28203125
10 0.7703125 0.4234375 0.459375 0.27421875
10 0.725 0.52265625 0.534375 0.3203125
10 0.6671875 0.61484375 0.525 0.2953125
10 0.59296875 0.7171875 0.56328125 0.31796875
10 0.51328125 0.8171875 0.62109375 0.34140625
10 0.38125 0.871875 0.509375 0.25546875