11 0.609375 0.3296875 0.259375 0.08671875
10 0.265625 0.41484375 0.478125 0.15390625
11 0.625 0.39453125 0.2546875 0.0890625
10 0.2796875 0.47734375 0.48828125 0.15859375
11 0.6453125 0.45703125 0.259375 0.0890625
10 0.296875 0.53984375 0.4953125 0.1703125
11 0.65 0.51953125 0.26171875 0.09609375
10 0.3078125 0.6046875 0.4859375 0.165625
11 0.6703125 0.5875 0.26171875 0.08671875
10 0.31875 0.671875 0.5171875 0.16796875
10 0.3890625 0.71875 0.59140625 0.2046875
11 0.81953125 0.6203125 0.34375 0.11796875
11 0.8328125 0.6875 0.334375 0.115625
10 0.4 0.7921875 0.59140625 0.18984375
11 0.5421875 0.21171875 0.24765625 0.09609375
10 0.22578125 0.2921875 0.4515625 0.165625
11 0.5984375 0.265625 0.259375 0.0890625
10 0.2484375 0.35 0.496875 0.178125