10 0.68046875 0.73046875 0.359375 0.18515625
5 0.6859375 0.64296875 0.321875 0.1515625
5 0.725 0.4578125 0.2984375 0.13671875
5 0.75 0.375 0.30546875 0.13203125
10 0.6609375 0.9546875 0.32421875 0.08984375
5 0.7171875 0.5484375 0.30546875 0.13671875
10 0.6671875 0.85859375 0.30234375 0.1109375
5 0.23671875 0.1625 0.2984375 0.134375
5 0.28984375 0.05859375 0.3609375 0.1171875
11 0.4171875 0.67265625 0.1890625 0.08203125
11 0.43828125 0.8171875 0.1515625 0.08046875
11 0.4296875 0.9171875 0.1546875 0.0796875