10 0.3234375 0.4140625 0.490625 0.2171875
10 0.36484375 0.13359375 0.5453125 0.2671875
10 0.3609375 0.58046875 0.3796875 0.2328125
10 0.4265625 0.69296875 0.2765625 0.2546875
10 0.52109375 0.7921875 0.2046875 0.2859375
11 0.615625 0.5390625 0.165625 0.1625
11 0.6359375 0.475 0.25 0.1515625
10 0.609375 0.83125 0.1890625 0.3078125
11 0.646875 0.59296875 0.146875 0.209375
11 0.675 0.41484375 0.24375 0.084375
11 0.68203125 0.3453125 0.275 0.0828125
11 0.71640625 0.28359375 0.259375 0.140625
11 0.6984375 0.59765625 0.1171875 0.196875
10 0.74140625 0.78984375 0.159375 0.29375
11 0.7875 0.5640625 0.078125 0.1546875
11 0.86796875 0.41953125 0.1015625 0.203125
10 0.9 0.703125 0.1921875 0.3765625
10 0.30078125 0.2546875 0.515625 0.215625