11 0.3890625 0.58046875 0.240625 0.15390625
11 0.35546875 0.6875 0.2328125 0.13203125
10 0.703125 0.2671875 0.5890625 0.3890625
10 0.69921875 0.42421875 0.5046875 0.30078125
10 0.6765625 0.56484375 0.43984375 0.2546875
10 0.5796875 0.8578125 0.41328125 0.22578125
10 0.66953125 0.6890625 0.38671875 0.23828125
10 0.62890625 0.79296875 0.3703125 0.23046875
11 0.3421875 0.1375 0.2328125 0.1390625
11 0.37734375 0.3015625 0.2453125 0.146875
11 0.37265625 0.44453125 0.271875 0.165625
11 0.28359375 0.7453125 0.21640625 0.1203125