11 0.9734375 0.41015625 0.053125 0.1890625
11 0.8390625 0.4703125 0.2 0.159375
11 0.72578125 0.565625 0.2046875 0.1515625
11 0.6125 0.64296875 0.19375 0.14375
11 0.5046875 0.70703125 0.1875 0.1359375
10 0.709375 0.27265625 0.58125 0.4953125
11 0.38515625 0.75234375 0.1640625 0.1234375
11 0.2984375 0.8203125 0.15625 0.13125
10 0.57109375 0.37734375 0.4296875 0.35625
10 0.484375 0.4625 0.3828125 0.2984375
10 0.39375 0.53515625 0.31875 0.2375
10 0.32109375 0.59296875 0.284375 0.215625
10 0.23671875 0.64609375 0.2234375 0.1796875
10 0.17890625 0.70859375 0.221875 0.1875
10 0.3 0.321875 0.2453125 0.321875
11 0.14453125 0.4875 0.1578125 0.2046875
10 0.1109375 0.42421875 0.221875 0.3203125
11 0.23046875 0.23515625 0.121875 0.171875