11 0.7046875 0.24296875 0.078125 0.2578125
11 0.56875 0.29296875 0.0875 0.240625
11 0.4328125 0.34921875 0.071875 0.2453125
11 0.1328125 0.4 0.0671875 0.2046875
11 0.30546875 0.428125 0.075 0.234375
11 0.2046875 0.4625 0.071875 0.2109375
10 0.79765625 0.66171875 0.2578125 0.6765625
10 0.63046875 0.68203125 0.2234375 0.6359375
10 0.5046875 0.69140625 0.2015625 0.5796875
10 0.371875 0.71875 0.1625 0.503125
10 0.090625 0.72109375 0.13125 0.428125
10 0.26328125 0.75234375 0.1734375 0.434375
10 0.17578125 0.7484375 0.1234375 0.3796875
11 0.8671875 0.21484375 0.075 0.2515625