10 0.50390625 0.709375 0.2875 0.2890625
11 0.9015625 0.61171875 0.196875 0.1703125
10 0.40234375 0.665625 0.2328125 0.2390625
11 0.759375 0.57890625 0.20625 0.1859375
10 0.32421875 0.6125 0.2359375 0.240625
11 0.6578125 0.50703125 0.2125 0.203125
10 0.2375 0.55625 0.2390625 0.25
11 0.54921875 0.46015625 0.23125 0.21875
10 0.1734375 0.478125 0.3125 0.3390625
11 0.44765625 0.42734375 0.175 0.1703125
11 0.35703125 0.38046875 0.1484375 0.146875
10 0.1234375 0.4140625 0.246875 0.353125
11 0.31328125 0.2578125 0.1484375 0.1609375
11 0.2234375 0.18203125 0.1453125 0.153125
10 0.709375 0.8140625 0.3203125 0.303125
10 0.59609375 0.76640625 0.278125 0.278125