10 0.3171875 0.49765625 0.490625 0.253125
10 0.2671875 0.18984375 0.534375 0.3734375
10 0.40625 0.63984375 0.3859375 0.2578125
10 0.50390625 0.72421875 0.2890625 0.26875
10 0.6234375 0.7859375 0.221875 0.2921875
11 0.6296875 0.5203125 0.1734375 0.1703125
11 0.628125 0.45390625 0.253125 0.1671875
10 0.71796875 0.79375 0.209375 0.3125
11 0.67578125 0.56015625 0.1578125 0.2140625
11 0.6453125 0.38515625 0.240625 0.103125
11 0.6296875 0.31796875 0.271875 0.103125
11 0.64140625 0.24921875 0.2625 0.1578125
11 0.725 0.54765625 0.1296875 0.1984375
10 0.82734375 0.7140625 0.178125 0.296875
11 0.796875 0.4890625 0.0890625 0.1546875
11 0.82578125 0.32734375 0.115625 0.2046875
10 0.91953125 0.58125 0.1609375 0.378125
10 0.25078125 0.35546875 0.5015625 0.2515625