11 0.17734375 0.2125 0.0859375 0.2890625
11 0.4390625 0.3 0.0671875 0.28125
11 0.6640625 0.3765625 0.065625 0.29375
11 0.846875 0.37578125 0.078125 0.2625
11 0.7625 0.3890625 0.046875 0.1734375
11 0.553125 0.44453125 0.05625 0.2625
11 0.31875 0.45859375 0.0703125 0.2578125
10 0.85390625 0.7046875 0.09375 0.3765625
10 0.75546875 0.69765625 0.0953125 0.44375
10 0.66875 0.71953125 0.11875 0.359375
10 0.5484375 0.75625 0.11875 0.35625
10 0.434375 0.67578125 0.1515625 0.453125
10 0.31875 0.7609375 0.103125 0.353125
10 0.1859375 0.640625 0.18125 0.540625