11 0.21015625 0.8015625 0.2640625 0.0484375
11 0.29921875 0.52421875 0.27421875 0.0484375
11 0.38125 0.15625 0.1734375 0.05078125
11 0.3921875 0.27890625 0.2359375 0.05078125
11 0.40390625 0.66328125 0.2640625 0.053125
11 0.43359375 0.4078125 0.2546875 0.0625
10 0.6234375 0.8015625 0.540625 0.1703125
10 0.6546875 0.52421875 0.43515625 0.1515625
10 0.69375 0.15234375 0.43984375 0.0984375
10 0.7015625 0.2796875 0.3578125 0.11796875
10 0.7296875 0.65859375 0.3921875 0.115625
10 0.7453125 0.39296875 0.36328125 0.12265625