2 0.74296875 0.92890625 0.259375 0.084375
2 0.725 0.77890625 0.2671875 0.0890625
2 0.70078125 0.82109375 0.2546875 0.08203125
2 0.6890625 0.8796875 0.2328125 0.06484375
2 0.66015625 0.63828125 0.19921875 0.0765625
2 0.63203125 0.72265625 0.19921875 0.11328125
2 0.53828125 0.87734375 0.15390625 0.1390625
2 0.54453125 0.6390625 0.12734375 0.1203125
2 0.48203125 0.8328125 0.2546875 0.0578125
2 0.45703125 0.9375 0.25234375 0.0890625
2 0.4484375 0.5578125 0.25234375 0.0671875
2 0.37734375 0.74140625 0.196875 0.1421875
2 0.31953125 0.62734375 0.15625 0.115625
10 0.296875 0.4125 0.5484375 0.08125
2 0.25625 0.77890625 0.1921875 0.146875
2 0.19140625 0.87109375 0.38203125 0.146875
2 0.1203125 0.69921875 0.1109375 0.11796875
2 0.08984375 0.77421875 0.1796875 0.0609375
2 0.8921875 0.8859375 0.1921875 0.12734375
11 0.778125 0.4140625 0.41796875 0.07890625
12 0.4421875 0.1890625 0.63671875 0.25859375