10 0.2171875 0.56484375 0.434375 0.4171875
10 0.30625 0.44296875 0.496875 0.453125
10 0.18046875 0.7375 0.3609375 0.465625
10 0.4703125 0.34921875 0.521875 0.5140625
10 0.6 0.28515625 0.4671875 0.5046875
10 0.7390625 0.29453125 0.3703125 0.4296875
11 0.43671875 0.67265625 0.2484375 0.21875
11 0.3859375 0.74296875 0.228125 0.1765625
11 0.50078125 0.62421875 0.2609375 0.2609375
11 0.559375 0.575 0.290625 0.31875
11 0.35625 0.83203125 0.259375 0.225
11 0.6296875 0.56953125 0.2265625 0.2671875
10 0.809375 0.34921875 0.3484375 0.428125
11 0.66875 0.609375 0.20625 0.265625
11 0.70234375 0.640625 0.171875 0.2296875
10 0.8609375 0.45234375 0.278125 0.3828125
11 0.61953125 0.84296875 0.1984375 0.2265625
10 0.8234375 0.62109375 0.353125 0.5421875