5 0.3609375 0.64296875 0.2234375 0.38671875
5 0.4125 0.6578125 0.228125 0.39921875
5 0.4625 0.6671875 0.22578125 0.39921875
5 0.52421875 0.67890625 0.2359375 0.40859375
5 0.5765625 0.69453125 0.2234375 0.39921875
5 0.634375 0.709375 0.2328125 0.40859375
5 0.6921875 0.71875 0.24296875 0.4203125
5 0.7546875 0.734375 0.24765625 0.43046875
2 0.8703125 0.53359375 0.16328125 0.25703125
2 0.915625 0.55546875 0.1515625 0.2453125
10 0.5390625 0.36953125 0.196875 0.125
12 0.428125 0.203125 0.25625 0.1546875
12 0.2484375 0.39140625 0.16953125 0.21328125
12 0.23984375 0.1765625 0.16015625 0.21015625
12 0.67421875 0.39609375 0.1328125 0.08046875