11 0.353125 0.2890625 0.1296875 0.1640625
11 0.4921875 0.3171875 0.140625 0.18125
11 0.60078125 0.31484375 0.16875 0.2140625
11 0.59921875 0.32421875 0.1546875 0.1921875
11 0.7078125 0.31953125 0.159375 0.2078125
11 0.80625 0.33125 0.15 0.20625
11 0.87890625 0.33125 0.15625 0.21875
11 0.93828125 0.3359375 0.11875 0.2046875
10 0.253125 0.628125 0.50625 0.65625
10 0.39609375 0.62421875 0.4359375 0.53125
10 0.53046875 0.59765625 0.3390625 0.4421875
10 0.65703125 0.5703125 0.2734375 0.346875
10 0.753125 0.578125 0.2515625 0.334375
10 0.8453125 0.56796875 0.2375 0.3203125
10 0.8921875 0.5890625 0.215625 0.38125