11 0.853125 0.21328125 0.2390625 0.1796875
11 0.7203125 0.4828125 0.3171875 0.19375
11 0.53515625 0.85390625 0.2109375 0.1421875
11 0.55625 0.72109375 0.2765625 0.175
11 0.64453125 0.3046875 0.309375 0.1921875
11 0.54453125 0.57109375 0.3046875 0.196875
10 0.4515625 0.16328125 0.65 0.3265625
10 0.33828125 0.3875 0.5421875 0.3875
10 0.23984375 0.7703125 0.4421875 0.3234375
10 0.22578125 0.63671875 0.4421875 0.3078125
10 0.2953125 0.22421875 0.475 0.3234375
10 0.215625 0.50390625 0.43125 0.3171875