11 0.56875 0.775 0.1828125 0.06015625
11 0.54921875 0.703125 0.1734375 0.0625
11 0.571875 0.9015625 0.115625 0.0484375
11 0.55625 0.8390625 0.18046875 0.0625
10 0.3765625 0.2921875 0.52421875 0.2046875
10 0.35078125 0.13359375 0.521875 0.22109375
10 0.3578125 0.4203125 0.47578125 0.1734375
10 0.3640625 0.53984375 0.43515625 0.16796875
10 0.34375 0.6453125 0.37734375 0.1515625
10 0.36796875 0.93984375 0.35078125 0.115625
10 0.33203125 0.81015625 0.3171875 0.1296875
10 0.31484375 0.73828125 0.303125 0.1078125
10 0.32578125 0.88203125 0.31484375 0.1203125
11 0.7171875 0.25390625 0.209375 0.071875
11 0.69609375 0.1109375 0.20703125 0.08671875
11 0.67890625 0.38125 0.18046875 0.0625
11 0.67578125 0.51171875 0.196875 0.07421875
11 0.625 0.6109375 0.2015625 0.06484375