2 0.5625 0.8203125 0.31875 0.340625
2 0.35078125 0.84140625 0.2765625 0.3125
11 0.1265625 0.846875 0.253125 0.24375
2 0.1765625 0.8609375 0.2078125 0.225
2 0.2515625 0.8234375 0.2453125 0.3203125
2 0.88515625 0.55234375 0.2296875 0.3859375
2 0.4 0.70234375 0.3234375 0.3375
10 0.765625 0.50078125 0.46875 0.7953125
2 0.4609375 0.54921875 0.3828125 0.471875
2 0.57421875 0.48359375 0.2625 0.3421875
2 0.13359375 0.6296875 0.2671875 0.43125
2 0.13046875 0.625 0.2609375 0.415625
2 0.703125 0.3609375 0.321875 0.3078125
2 0.2171875 0.4171875 0.434375 0.575
2 0.61875 0.28046875 0.3109375 0.2859375
2 0.37578125 0.3203125 0.3125 0.26875
2 0.6140625 0.1453125 0.328125 0.290625
2 0.10859375 0.32578125 0.2171875 0.4703125
2 0.328125 0.20234375 0.490625 0.4046875
2 0.6328125 0.1171875 0.446875 0.234375
2 0.20546875 0.12109375 0.3203125 0.2421875
2 0.85625 0.83125 0.2390625 0.2640625
2 0.74140625 0.8546875 0.2890625 0.290625
10 0.64296875 0.83671875 0.2953125 0.3265625