11 0.38828125 0.2390625 0.1828125 0.08671875
11 0.41953125 0.3078125 0.1734375 0.08671875
11 0.365625 0.115625 0.115625 0.06484375
11 0.3921875 0.17421875 0.178125 0.0890625
10 0.6546875 0.6859375 0.5265625 0.27890625
10 0.7046875 0.8390625 0.5265625 0.29296875
10 0.65234375 0.55625 0.478125 0.240625
10 0.62734375 0.43984375 0.4375 0.228125
10 0.63203125 0.33203125 0.38203125 0.2046875
10 0.5609375 0.0640625 0.353125 0.12734375
10 0.61875 0.16640625 0.31953125 0.1734375
10 0.64609375 0.2359375 0.303125 0.1515625
10 0.61328125 0.0953125 0.3171875 0.16328125
11 0.36875 0.91484375 0.209375 0.115625
11 0.34609375 0.64453125 0.178125 0.0890625
11 0.32734375 0.51484375 0.196875 0.103125
11 0.359375 0.41015625 0.2015625 0.09609375
13 0.3234375 0.77734375 0.209375 0.103125