12 0.53359375 0.5046875 0.3703125 0.2546875
12 0.09609375 0.5484375 0.1921875 0.146875
12 0.8125 0.5953125 0.3703125 0.303125
12 0.41953125 0.65 0.28359375 0.22109375
12 0.76171875 0.80390625 0.384375 0.2640625
12 0.321875 0.81640625 0.196875 0.1609375
12 0.55390625 0.8890625 0.2046875 0.09140625
12 0.21484375 0.10703125 0.353125 0.20703125
12 0.7046875 0.1765625 0.35546875 0.2046875
12 0.5 0.18359375 0.16328125 0.1109375
12 0.515625 0.328125 0.478125 0.30078125
2 0.14921875 0.3609375 0.2703125 0.26171875