10 0.521875 0.3171875 0.2359375 0.23828125
11 0.12890625 0.3421875 0.1734375 0.134375
10 0.609375 0.375 0.18984375 0.196875
11 0.2609375 0.39765625 0.1734375 0.14921875
10 0.67421875 0.4375 0.1921875 0.19921875
11 0.34375 0.48203125 0.17578125 0.165625
10 0.7453125 0.5046875 0.19453125 0.20703125
11 0.4375 0.54296875 0.1921875 0.178125
10 0.79296875 0.5890625 0.25234375 0.28359375
11 0.52734375 0.59140625 0.14453125 0.1390625
11 0.6046875 0.65 0.12265625 0.1203125
10 0.86328125 0.6609375 0.25234375 0.30078125
11 0.625 0.77265625 0.1203125 0.134375
11 0.696875 0.8578125 0.11796875 0.12734375
10 0.34609375 0.18515625 0.2671875 0.2453125
10 0.44453125 0.24921875 0.228125 0.228125