11 0.4140625 0.1828125 0.20625 0.1140625
11 0.440625 0.26015625 0.196875 0.1125
11 0.40390625 0.04765625 0.13125 0.0828125
11 0.425 0.11328125 0.2015625 0.115625
10 0.65078125 0.6953125 0.5984375 0.3609375
10 0.68203125 0.83828125 0.5921875 0.3234375
10 0.66328125 0.5546875 0.5421875 0.3125
10 0.64921875 0.4265625 0.496875 0.2953125
10 0.66640625 0.3109375 0.434375 0.2625
10 0.61640625 0.05078125 0.3890625 0.1015625
10 0.67109375 0.13046875 0.3640625 0.221875
10 0.6921875 0.20859375 0.34375 0.196875
10 0.66953125 0.07890625 0.3546875 0.1578125
11 0.31640625 0.90859375 0.2390625 0.1484375
11 0.321875 0.61484375 0.2015625 0.115625
11 0.3171875 0.47265625 0.2234375 0.1328125
11 0.36328125 0.3640625 0.228125 0.1265625
13 0.2828125 0.75625 0.2375 0.134375