10 0.36875 0.34921875 0.421875 0.5328125
10 0.228125 0.4078125 0.4453125 0.58125
10 0.6875 0.209375 0.35625 0.4171875
10 0.49296875 0.24453125 0.378125 0.4828125
10 0.83671875 0.56640625 0.2453125 0.303125
10 0.56953125 0.684375 0.253125 0.3109375
10 0.696875 0.62265625 0.2328125 0.3
10 0.371875 0.7359375 0.296875 0.371875
11 0.946875 0.6859375 0.0984375 0.146875
11 0.83515625 0.75703125 0.1515625 0.1515625
11 0.71796875 0.8171875 0.1734375 0.1515625
11 0.54375 0.88046875 0.165625 0.175
11 0.38828125 0.57265625 0.109375 0.125