2 0.15 0.87578125 0.278125 0.146875
2 0.2046875 0.73046875 0.2875 0.1546875
2 0.21875 0.77890625 0.2734375 0.14375
2 0.21640625 0.840625 0.2484375 0.121875
2 0.30390625 0.60703125 0.2171875 0.1265625
2 0.31171875 0.69765625 0.2265625 0.1609375
2 0.36640625 0.87578125 0.1875 0.1765625
2 0.41953125 0.63671875 0.15625 0.1515625
2 0.43359375 0.84453125 0.2671875 0.1203125
2 0.4328125 0.9390625 0.271875 0.121875
2 0.53515625 0.5796875 0.2671875 0.1296875
2 0.56015625 0.7796875 0.23125 0.190625
2 0.64453125 0.68125 0.184375 0.153125
10 0.71875 0.47109375 0.5625 0.2171875
2 0.67109375 0.846875 0.2265625 0.19375
2 0.70546875 0.9171875 0.4046875 0.165625
2 0.82578125 0.8015625 0.1390625 0.14375
2 0.83125 0.8828125 0.18125 0.1
2 0.06171875 0.7953125 0.1234375 0.175
11 0.2421875 0.35546875 0.434375 0.1828125
12 0.63125 0.21484375 0.696875 0.4140625