2 0.76328125 0.42890625 0.2859375 0.2484375
2 0.68203125 0.23828125 0.309375 0.2
10 0.6203125 0.06171875 0.49375 0.1234375
2 0.60546875 0.0890625 0.2390625 0.1515625
2 0.60234375 0.17890625 0.290625 0.16875
2 0.7515625 0.86171875 0.346875 0.2296875
2 0.58515625 0.3640625 0.2796875 0.2546875
10 0.64921875 0.8015625 0.7015625 0.396875
2 0.496875 0.49453125 0.4140625 0.275
2 0.50546875 0.61875 0.3078125 0.18125
2 0.3671875 0.16875 0.390625 0.2234375
2 0.36640625 0.17109375 0.375 0.2125
2 0.4765625 0.78359375 0.2421875 0.265625
2 0.25703125 0.36015625 0.5125 0.325
2 0.36875 0.7609375 0.21875 0.259375
2 0.26953125 0.5484375 0.2 0.26875
2 0.25703125 0.83046875 0.228125 0.275
2 0.13046875 0.23828125 0.2609375 0.3609375
2 0.15703125 0.58984375 0.3140625 0.3984375
2 0.1921875 0.8578125 0.2875 0.284375
2 0.05546875 0.51875 0.1109375 0.278125
2 0.92109375 0.675 0.1578125 0.24375
2 0.88203125 0.54453125 0.2359375 0.2234375
11 0.83359375 0.47421875 0.321875 0.2125