10 0.23359375 0.2609375 0.19375 0.4671875
10 0.36640625 0.28359375 0.3015625 0.4515625
10 0.4890625 0.3484375 0.44375 0.3875
10 0.628125 0.453125 0.665625 0.3265625
11 0.2265625 0.5421875 0.20625 0.196875
11 0.2203125 0.55234375 0.225 0.1125
11 0.25 0.5546875 0.1265625 0.1921875
11 0.234375 0.5640625 0.1984375 0.0890625
11 0.2453125 0.56640625 0.1265625 0.1921875
11 0.234375 0.571875 0.20625 0.1875
10 0.54140625 0.62734375 0.4578125 0.2375
10 0.509375 0.775 0.4765625 0.4453125
10 0.3765625 0.80546875 0.290625 0.3890625
10 0.25703125 0.82421875 0.1640625 0.3515625