10 0.1421875 0.49140625 0.125 0.40859375
10 0.2703125 0.52734375 0.09140625 0.35078125
10 0.62734375 0.54453125 0.06484375 0.3296875
10 0.36640625 0.5515625 0.10078125 0.3125
10 0.45546875 0.55390625 0.08203125 0.29296875
10 0.54453125 0.571875 0.08203125 0.271875
11 0.69375 0.59375 0.04296875 0.2046875
11 0.7359375 0.5984375 0.03359375 0.2046875
11 0.778125 0.60234375 0.02421875 0.19453125
11 0.81875 0.61171875 0.0359375 0.16796875
11 0.8953125 0.6140625 0.040625 0.15625
11 0.8546875 0.61796875 0.03828125 0.16328125
13 0.9375 0.6421875 0.0359375 0.1390625