10 0.515625 0.6984375 0.3390625 0.46875
10 0.64296875 0.74609375 0.35546875 0.50234375
10 0.21171875 0.59375 0.2859375 0.396875
10 0.36640625 0.6859375 0.30078125 0.42578125
10 0.3625 0.27734375 0.1796875 0.2296875
10 0.60078125 0.35546875 0.2046875 0.27421875
10 0.4796875 0.3125 0.1875 0.26171875
10 0.759375 0.4484375 0.240625 0.32421875
11 0.7640625 0.234375 0.1 0.15703125
11 0.5984375 0.15859375 0.05078125 0.16171875
11 0.47578125 0.1234375 0.04140625 0.15234375
11 0.34375 0.0828125 0.04609375 0.16484375