10 0.56953125 0.31875 0.2640625 0.2234375
10 0.61328125 0.42578125 0.22578125 0.1921875
10 0.65390625 0.525 0.18984375 0.1734375
5 0.3234375 0.53828125 0.146875 0.12265625
5 0.353125 0.59765625 0.15625 0.12734375
10 0.6859375 0.61796875 0.17578125 0.14921875
5 0.3890625 0.64921875 0.1515625 0.12734375
10 0.7171875 0.696875 0.14921875 0.14921875
5 0.42421875 0.70546875 0.15390625 0.125
5 0.43515625 0.7875 0.1875 0.13671875
5 0.47578125 0.8328125 0.18984375 0.14921875
5 0.50625 0.8796875 0.17578125 0.134375
10 0.49609375 0.1828125 0.3296875 0.290625