12 0.7328125 0.60625 0.1296875 0.0859375
12 0.93828125 0.5921875 0.1171875 0.0890625
12 0.1078125 0.765625 0.1046875 0.1328125
12 0.55390625 0.7875 0.075 0.0765625
12 0.69921875 0.79921875 0.075 0.0578125
12 0.29453125 0.75390625 0.1046875 0.084375
12 0.65078125 0.79140625 0.0515625 0.0765625
12 0.5828125 0.76015625 0.0796875 0.0984375
12 0.4875 0.7453125 0.096875 0.109375
12 0.11953125 0.67109375 0.0984375 0.125
12 0.55234375 0.67734375 0.196875 0.1
12 0.42421875 0.66171875 0.08125 0.159375
12 0.90546875 0.70859375 0.0984375 0.0671875
12 0.38984375 0.6453125 0.075 0.115625
12 0.84609375 0.64453125 0.1 0.1515625
12 0.1515625 0.56328125 0.109375 0.065625