13 0.24453125 0.115625 0.265625 0.21875
13 0.21171875 0.525 0.2765625 0.2359375
13 0.196875 0.69296875 0.2796875 0.2140625
13 0.2296875 0.21015625 0.278125 0.2203125
13 0.2234375 0.259375 0.2828125 0.2203125
13 0.19921875 0.6171875 0.278125 0.190625
13 0.2296875 0.1515625 0.2875 0.228125
13 0.20078125 0.5546875 0.2796875 0.203125
13 0.80234375 0.128125 0.265625 0.1921875
13 0.76328125 0.61796875 0.2703125 0.2046875
13 0.7609375 0.665625 0.2640625 0.1984375
13 0.75546875 0.734375 0.2625 0.2109375
13 0.7921875 0.18671875 0.284375 0.203125
13 0.765625 0.5484375 0.26875 0.2
13 0.778125 0.3046875 0.3 0.221875
13 0.78203125 0.23671875 0.29375 0.1984375
13 0.50703125 0.28203125 0.259375 0.2046875
13 0.5125 0.178125 0.265625 0.2234375
13 0.51328125 0.13046875 0.271875 0.246875
13 0.4875 0.521875 0.259375 0.184375
13 0.46796875 0.715625 0.271875 0.209375
13 0.50234375 0.240625 0.2765625 0.2359375
13 0.4734375 0.64765625 0.2640625 0.196875
13 0.47421875 0.58984375 0.28125 0.209375