7 0.49296875 0.30859375 0.040625 0.053125
7 0.5515625 0.14296875 0.05546875 0.08671875
7 0.56484375 0.90390625 0.03828125 0.071875
7 0.61875 0.69609375 0.0796875 0.0671875
7 0.8546875 0.16953125 0.0484375 0.071875
7 0.7796875 0.55859375 0.0453125 0.07421875
7 0.71484375 0.9109375 0.06484375 0.05546875
7 0.828125 0.38125 0.06015625 0.0984375
7 0.1265625 0.78828125 0.06953125 0.06953125
7 0.2875 0.6625 0.05546875 0.09140625
7 0.2484375 0.84140625 0.0625 0.0984375
7 0.3421875 0.46640625 0.09375 0.15390625