5 0.32578125 0.48515625 0.2390625 0.553125
5 0.096875 0.553125 0.19375 0.571875
5 0.1734375 0.534375 0.26875 0.575
5 0.84453125 0.3765625 0.225 0.5640625
5 0.4484375 0.48125 0.265625 0.5609375
5 0.79140625 0.41484375 0.2203125 0.58125
5 0.6328125 0.47734375 0.2375 0.578125
5 0.28515625 0.57265625 0.259375 0.584375
5 0.715625 0.5140625 0.2375 0.615625
5 0.58984375 0.6203125 0.25 0.58125
5 0.47734375 0.3734375 0.271875 0.571875
5 0.359375 0.40546875 0.2390625 0.5671875
5 0.125 0.49765625 0.25 0.5734375