8 0.92890625 0.58671875 0.13671875 0.1875
8 0.81015625 0.61875 0.15859375 0.1875
8 0.1625 0.7921875 0.1703125 0.1875
8 0.5515625 0.6875 0.1609375 0.18515625
8 0.29453125 0.7546875 0.1609375 0.18046875
8 0.4234375 0.72109375 0.15625 0.18515625
8 0.68125 0.6515625 0.1609375 0.18515625
8 0.6296875 0.4671875 0.16328125 0.18984375
8 0.75703125 0.43359375 0.15859375 0.18984375
8 0.1203125 0.6046875 0.16796875 0.1921875
8 0.24609375 0.56953125 0.15859375 0.18984375
8 0.5046875 0.5 0.16328125 0.18984375
8 0.884375 0.39765625 0.15859375 0.18515625
8 0.3765625 0.53359375 0.1609375 0.18984375
8 0.83515625 0.21640625 0.15390625 0.1875
8 0.4546875 0.31640625 0.15625 0.18984375
8 0.328125 0.35 0.16328125 0.19453125
8 0.078125 0.41796875 0.15625 0.1921875
8 0.7046875 0.24765625 0.15859375 0.18984375
8 0.20078125 0.38125 0.165625 0.18984375
8 0.5765625 0.2796875 0.1609375 0.1875
8 0.27890625 0.16953125 0.1609375 0.19453125
8 0.40390625 0.1359375 0.16796875 0.1921875
8 0.52890625 0.10078125 0.15859375 0.1921875
8 0.6546875 0.0828125 0.165625 0.165625
8 0.7828125 0.06484375 0.15625 0.1296875
8 0.05546875 0.23671875 0.1109375 0.18984375
8 0.15390625 0.19921875 0.15625 0.1921875
8 0.21640625 0.94375 0.1734375 0.1078125
8 0.47578125 0.90859375 0.16328125 0.178125
8 0.34765625 0.9265625 0.1609375 0.1421875
8 0.73203125 0.8453125 0.1609375 0.18515625
8 0.95546875 0.77421875 0.084375 0.1875
8 0.60234375 0.87890625 0.15625 0.18046875
8 0.86328125 0.80859375 0.15859375 0.18515625