6 0.59765625 0.87890625 0.32421875 0.209375
6 0.68046875 0.78515625 0.375 0.290625
6 0.7046875 0.6859375 0.33203125 0.2953125
6 0.71015625 0.5875 0.26953125 0.27421875
6 0.37578125 0.3703125 0.41796875 0.73046875
6 0.171875 0.28515625 0.34375 0.56953125
6 0.2703125 0.3078125 0.38203125 0.615625
6 0.709375 0.4828125 0.23828125 0.271875
6 0.696875 0.4078125 0.2328125 0.259375
6 0.67421875 0.29921875 0.21640625 0.27890625
6 0.63125 0.22109375 0.2046875 0.290625
6 0.5265625 0.9109375 0.365625 0.1734375