13 0.11953125 0.25546875 0.20625 0.290625
13 0.75546875 0.4421875 0.23125 0.2859375
13 0.3265625 0.321875 0.246875 0.30625
13 0.53359375 0.3828125 0.24375 0.30625
13 0.91875 0.49921875 0.1625 0.2828125
13 0.671875 0.6921875 0.2125 0.275
13 0.47734375 0.63671875 0.215625 0.2828125
13 0.07109375 0.5140625 0.1421875 0.2875
13 0.8734375 0.75625 0.2125 0.2828125
13 0.24609375 0.57734375 0.2359375 0.296875
13 0.6140625 0.8984375 0.2125 0.203125
13 0.81328125 0.928125 0.2140625 0.14375
13 0.17265625 0.8171875 0.234375 0.278125
13 0.03046875 0.76640625 0.0609375 0.2796875
13 0.3953125 0.87265625 0.228125 0.2546875
13 0.61875 0.12578125 0.21875 0.25
13 0.81640625 0.1765625 0.21875 0.259375
13 0.95078125 0.23515625 0.0984375 0.2640625
13 0.18359375 0.071875 0.2234375 0.14375
13 0.40546875 0.10859375 0.2390625 0.2171875