5 0.30546875 0.59375 0.3125 0.1390625
5 0.3234375 0.6453125 0.31484375 0.15859375
5 0.3390625 0.68984375 0.32421875 0.178125
5 0.2859375 0.50859375 0.32421875 0.15859375
5 0.3015625 0.546875 0.31484375 0.15390625
5 0.27421875 0.453125 0.3265625 0.1921875
5 0.365625 0.72734375 0.31953125 0.19453125
5 0.2703125 0.40234375 0.334375 0.21875
5 0.275 0.34765625 0.33671875 0.240625
5 0.41484375 0.74296875 0.384375 0.25
5 0.4359375 0.76328125 0.26171875 0.1875
5 0.4640625 0.8015625 0.2640625 0.209375
5 0.3171875 0.2984375 0.2546875 0.209375
5 0.49609375 0.83203125 0.24296875 0.21640625
5 0.3265625 0.25234375 0.25 0.23046875
5 0.33671875 0.20546875 0.240625 0.2359375
5 0.540625 0.86171875 0.24765625 0.23828125
5 0.35703125 0.16328125 0.23828125 0.24296875