6 0.596875 0.4390625 0.2859375 0.675
6 0.4546875 0.46328125 0.275 0.81875
6 0.28984375 0.25546875 0.2609375 0.5109375
6 0.26015625 0.290625 0.2328125 0.5578125
6 0.225 0.3515625 0.25625 0.634375
6 0.17421875 0.41484375 0.225 0.55625
6 0.1328125 0.42734375 0.1921875 0.5828125
6 0.13125 0.2890625 0.2625 0.56875
6 0.08828125 0.453125 0.1578125 0.5578125
6 0.06953125 0.34375 0.1390625 0.559375
6 0.878125 0.528125 0.24375 0.24375
6 0.91171875 0.1984375 0.1765625 0.228125
6 0.8109375 0.84296875 0.30625 0.3140625