12 0.63203125 0.35078125 0.3765625 0.446875
12 0.11953125 0.57265625 0.2390625 0.4109375
12 0.86015625 0.50859375 0.2515625 0.3015625
12 0.53125 0.67734375 0.4671875 0.61875
12 0.7015625 0.6484375 0.3 0.3234375
12 0.20859375 0.8390625 0.3328125 0.321875
12 0.46328125 0.82890625 0.5265625 0.3421875
12 0.9109375 0.75625 0.178125 0.340625
12 0.09296875 0.27578125 0.1859375 0.3765625
12 0.37265625 0.253125 0.6640625 0.50625
12 0.2765625 0.3046875 0.403125 0.5171875
12 0.80859375 0.21640625 0.3703125 0.4328125