7 0.31640625 0.3828125 0.384375 0.3390625
7 0.675 0.45625 0.425 0.3828125
7 0.0828125 0.31328125 0.165625 0.2796875
7 0.915625 0.49921875 0.16875 0.3171875
7 0.54140625 0.20078125 0.43125 0.375
7 0.20859375 0.16640625 0.4171875 0.3015625
7 0.83828125 0.28671875 0.3109375 0.36875
7 0.76015625 0.1 0.3578125 0.2
7 0.4203125 0.059375 0.325 0.11875
7 0.59375 0.8546875 0.396875 0.290625
7 0.04375 0.71640625 0.0671875 0.2453125
7 0.87578125 0.87109375 0.2484375 0.1703125
7 0.24609375 0.790625 0.446875 0.396875
7 0.15859375 0.54765625 0.3171875 0.3578125
7 0.475 0.62734375 0.4265625 0.3640625
7 0.8078125 0.70390625 0.384375 0.3640625
7 0.1390625 0.8953125 0.175 0.209375
7 0.37734375 0.928125 0.3796875 0.14375