13 0.3546875 0.096875 0.309375 0.19375
13 0.215625 0.4796875 0.3265625 0.290625
13 0.16015625 0.6515625 0.3203125 0.26875
13 0.31640625 0.1546875 0.325 0.2734375
13 0.296875 0.2046875 0.33125 0.2734375
13 0.178125 0.5734375 0.321875 0.2421875
13 0.33125 0.1171875 0.3375 0.234375
13 0.196875 0.50859375 0.3234375 0.25625
13 0.890625 0.21484375 0.21875 0.2390625
13 0.76953125 0.72109375 0.3140625 0.25625
13 0.753125 0.7703125 0.3078125 0.25
13 0.7296875 0.840625 0.3078125 0.2625
13 0.871875 0.27578125 0.25625 0.2546875
13 0.7890625 0.64921875 0.3140625 0.25
13 0.84609375 0.396875 0.3078125 0.278125
13 0.8578125 0.325 0.284375 0.253125
13 0.58828125 0.303125 0.3046875 0.253125
13 0.62109375 0.19453125 0.3140625 0.275
13 0.63359375 0.1484375 0.3234375 0.296875
13 0.50546875 0.5484375 0.3 0.2328125
13 0.434375 0.74609375 0.31875 0.2625
13 0.59375 0.2578125 0.3265625 0.290625
13 0.4578125 0.6765625 0.3078125 0.246875
13 0.4734375 0.615625 0.328125 0.2640625