10 0.23671875 0.81640625 0.2546875 0.23046875
10 0.27890625 0.771875 0.25234375 0.22109375
10 0.296875 0.734375 0.25703125 0.209375
10 0.3390625 0.71640625 0.3296875 0.25703125
10 0.34765625 0.6578125 0.27890625 0.2046875
10 0.37265625 0.61171875 0.2984375 0.19921875
10 0.4078125 0.56953125 0.37265625 0.2328125
10 0.46484375 0.44921875 0.3265625 0.16328125
10 0.4578125 0.52265625 0.384375 0.21640625
10 0.53515625 0.41953125 0.42578125 0.20703125
10 0.5921875 0.28828125 0.43515625 0.1703125
10 0.5984375 0.3734375 0.5171875 0.21875
10 0.63125 0.21015625 0.46640625 0.15859375
10 0.67578125 0.1390625 0.40625 0.125