12 0.7640625 0.3515625 0.04375 0.078125
12 0.71640625 0.3734375 0.0546875 0.084375
12 0.65625 0.3890625 0.0515625 0.078125
12 0.60390625 0.40703125 0.0484375 0.078125
12 0.54765625 0.4359375 0.0625 0.1078125
12 0.49296875 0.4453125 0.0328125 0.0828125
12 0.43828125 0.465625 0.0625 0.1125
12 0.8703125 0.54453125 0.06875 0.1125
12 0.8109375 0.57578125 0.071875 0.1234375
12 0.75078125 0.603125 0.06875 0.1203125
12 0.68671875 0.63046875 0.0734375 0.115625
12 0.925 0.67109375 0.0625 0.084375
12 0.621875 0.66875 0.065625 0.128125
12 0.55234375 0.69609375 0.06875 0.1234375
12 0.859375 0.70859375 0.065625 0.1015625
12 0.47578125 0.71953125 0.071875 0.115625
12 0.8078125 0.7609375 0.075 0.153125
12 0.7453125 0.784375 0.0875 0.1546875
12 0.66328125 0.80390625 0.0859375 0.16875
12 0.590625 0.8578125 0.06875 0.1578125
12 0.5140625 0.8953125 0.0765625 0.16875