10 0.12890625 0.72578125 0.2578125 0.2921875
10 0.1734375 0.68359375 0.2609375 0.2890625
10 0.2140625 0.66640625 0.2484375 0.29375
10 0.23515625 0.62265625 0.30625 0.3765625
10 0.30078125 0.6171875 0.2421875 0.315625
10 0.35 0.59296875 0.2375 0.334375
10 0.396875 0.55703125 0.2859375 0.41875
10 0.52734375 0.5015625 0.2046875 0.365625
10 0.45 0.50625 0.265625 0.4296875
10 0.5671875 0.42734375 0.2609375 0.4734375
10 0.709375 0.375 0.2234375 0.478125
10 0.6171875 0.36328125 0.2796875 0.571875
10 0.7953125 0.33828125 0.2125 0.5109375
10 0.8734375 0.2953125 0.171875 0.4453125