11 0.88828125 0.31953125 0.2140625 0.2765625
11 0.209375 0.15859375 0.2046875 0.27890625
11 0.925 0.2234375 0.146875 0.259375
11 0.1984375 0.07578125 0.2046875 0.1515625
11 0.4984375 0.69140625 0.2328125 0.61328125
11 0.41328125 0.67578125 0.196875 0.61328125
11 0.3328125 0.60546875 0.23828125 0.60546875
11 0.61640625 0.63671875 0.26171875 0.53359375
11 0.25859375 0.490625 0.27890625 0.521875
11 0.71015625 0.56484375 0.24765625 0.4421875
11 0.2140625 0.34765625 0.259375 0.41796875
11 0.8125 0.48203125 0.28359375 0.43046875