8 0.23671875 0.86171875 0.18046875 0.196875
8 0.353125 0.7984375 0.1828125 0.196875
8 0.9234375 0.4828125 0.14921875 0.20703125
8 0.58984375 0.6734375 0.18515625 0.19921875
8 0.82421875 0.546875 0.1828125 0.19453125
8 0.70703125 0.609375 0.18046875 0.196875
8 0.47109375 0.734375 0.18515625 0.19921875
8 0.38359375 0.56484375 0.1875 0.2015625
8 0.2671875 0.62734375 0.1828125 0.2015625
8 0.85 0.3171875 0.1921875 0.2046875
8 0.7328125 0.37734375 0.1828125 0.2015625
8 0.49609375 0.50390625 0.1875 0.2015625
8 0.14921875 0.6875 0.1828125 0.196875
8 0.61328125 0.43984375 0.18515625 0.2015625
8 0.07578125 0.521875 0.1515625 0.2015625
8 0.4078125 0.334375 0.1828125 0.2015625
8 0.52265625 0.27265625 0.18984375 0.20703125
8 0.759375 0.1453125 0.19453125 0.2046875
8 0.178125 0.4546875 0.18515625 0.2015625
8 0.63828125 0.209375 0.1875 0.2015625
8 0.29453125 0.3921875 0.1828125 0.19921875
8 0.4375 0.10703125 0.1875 0.20703125
8 0.321875 0.16796875 0.1921875 0.2046875
8 0.20703125 0.228125 0.18515625 0.2015625
8 0.09375 0.290625 0.1875 0.20703125
8 0.03515625 0.35234375 0.06953125 0.2046875
8 0.66796875 0.04296875 0.1921875 0.0859375
8 0.55078125 0.0734375 0.1828125 0.146875
8 0.9703125 0.6609375 0.05546875 0.20703125
8 0.80078125 0.7859375 0.1828125 0.19921875
8 0.9125 0.725 0.1703125 0.19921875
8 0.5671875 0.90390625 0.1875 0.1875
8 0.3265625 0.9671875 0.1875 0.06015625
8 0.6828125 0.84609375 0.178125 0.1921875
8 0.44609375 0.93515625 0.18515625 0.125