7 0.69375 0.77578125 0.0421875 0.0484375
7 0.4171875 0.70078125 0.0453125 0.028125
7 0.56015625 0.65859375 0.0578125 0.04375
7 0.7125 0.4734375 0.04375 0.0328125
7 0.5671875 0.41328125 0.0484375 0.0390625
7 0.62421875 0.40703125 0.040625 0.0328125
7 0.4375 0.40390625 0.05625 0.034375
7 0.72421875 0.39375 0.05625 0.0421875
7 0.6578125 0.3359375 0.0578125 0.0421875
7 0.4203125 0.28671875 0.0484375 0.046875
7 0.8671875 0.24609375 0.0796875 0.040625
7 0.73671875 0.23515625 0.0765625 0.0546875
7 0.42421875 0.19453125 0.0765625 0.059375
7 0.603125 0.15625 0.08125 0.0578125
7 0.625 0.1125 0.078125 0.046875
7 0.51796875 0.05078125 0.0890625 0.0671875