7 0.4671875 0.0484375 0.271875 0.096875
7 0.659375 0.16484375 0.375 0.3046875
7 0.84375 0.87578125 0.284375 0.23125
7 0.94921875 0.61328125 0.1015625 0.23125
7 0.89296875 0.12734375 0.159375 0.221875
7 0.13359375 0.846875 0.2671875 0.28125
7 0.09921875 0.34296875 0.196875 0.2765625
7 0.196875 0.553125 0.2859375 0.2859375
7 0.1609375 0.0921875 0.284375 0.184375
7 0.42890625 0.7640625 0.2796875 0.2671875
7 0.33125 0.25625 0.26875 0.259375
7 0.56015625 0.9234375 0.3015625 0.153125
7 0.50703125 0.47109375 0.2375 0.2421875