11 0.44375 0.7125 0.8609375 0.559375
11 0.47734375 0.64921875 0.8828125 0.56875
11 0.575 0.534375 0.7953125 0.509375
11 0.6421875 0.4875 0.715625 0.465625
11 0.6734375 0.4296875 0.653125 0.440625
11 0.72109375 0.38515625 0.5578125 0.4046875
11 0.75546875 0.33671875 0.4890625 0.3734375
11 0.8046875 0.290625 0.3828125 0.3265625
11 0.815625 0.225 0.3515625 0.3375
11 0.85625 0.1765625 0.2625 0.2984375
11 0.4140625 0.778125 0.815625 0.44375
11 0.4 0.8015625 0.78125 0.396875
11 0.3171875 0.85078125 0.603125 0.2984375