5 0.1828125 0.521875 0.0640625 0.23125
5 0.53203125 0.51015625 0.06875 0.2359375
5 0.35703125 0.515625 0.0671875 0.240625
5 0.303125 0.51796875 0.0671875 0.234375
5 0.11796875 0.52421875 0.0765625 0.2359375
5 0.47265625 0.51328125 0.0671875 0.24375
5 0.41796875 0.515625 0.0640625 0.24375
5 0.9390625 0.496875 0.0796875 0.24375
5 0.2375 0.521875 0.0671875 0.2359375
5 0.88046875 0.49921875 0.071875 0.2359375
5 0.65 0.5078125 0.0671875 0.234375
5 0.58984375 0.51015625 0.071875 0.24375
5 0.06328125 0.52890625 0.071875 0.2359375
5 0.82421875 0.50390625 0.0671875 0.234375
5 0.76953125 0.50546875 0.0671875 0.228125
5 0.7046875 0.50859375 0.0640625 0.23125