2 0.28515625 0.646875 0.3703125 0.146875
2 0.2703125 0.5796875 0.37734375 0.1703125
2 0.259375 0.50703125 0.34609375 0.15390625
2 0.2328125 0.359375 0.38671875 0.178125
2 0.25859375 0.44375 0.428125 0.1828125
2 0.209375 0.1984375 0.415625 0.21171875
2 0.228125 0.27734375 0.40625 0.16796875
2 0.69453125 0.47734375 0.35546875 0.14453125
2 0.71171875 0.54296875 0.38671875 0.16796875
2 0.69921875 0.3953125 0.384375 0.16328125
2 0.69453125 0.26328125 0.4015625 0.18046875
2 0.69140625 0.17578125 0.43046875 0.1875
2 0.68125 0.09140625 0.46875 0.1828125