13 0.26953125 0.10234375 0.25 0.2046875
13 0.21640625 0.50234375 0.259375 0.21875
13 0.19375 0.665625 0.2640625 0.196875
13 0.25 0.19453125 0.26171875 0.2015625
13 0.24140625 0.24296875 0.2671875 0.2015625
13 0.19921875 0.5921875 0.2640625 0.1734375
13 0.25390625 0.13828125 0.271875 0.209375
13 0.2046875 0.53125 0.2640625 0.18515625
13 0.81484375 0.14453125 0.25234375 0.17578125
13 0.75234375 0.62109375 0.2546875 0.1875
13 0.74609375 0.66796875 0.25 0.1828125
13 0.73828125 0.7359375 0.24765625 0.19453125
13 0.8015625 0.20078125 0.26953125 0.18515625
13 0.75703125 0.55390625 0.2546875 0.1828125
13 0.7828125 0.31640625 0.28359375 0.2015625
13 0.78984375 0.2484375 0.27890625 0.18046875
13 0.51796875 0.2796875 0.2453125 0.1875
13 0.52890625 0.178125 0.25 0.20703125
13 0.5328125 0.13203125 0.2546875 0.228125
13 0.48671875 0.51328125 0.2453125 0.16796875
13 0.4578125 0.7015625 0.25703125 0.1921875
13 0.515625 0.2390625 0.259375 0.21875
13 0.46640625 0.6359375 0.25 0.18046875
13 0.4703125 0.5796875 0.2671875 0.1921875