5 0.70546875 0.4625 0.0625 0.771875
5 0.6109375 0.4734375 0.05546875 0.78828125
5 0.5203125 0.475 0.05546875 0.77890625
5 0.2328125 0.47734375 0.06015625 0.79296875
5 0.7546875 0.47734375 0.0671875 0.7453125
5 0.38125 0.478125 0.05078125 0.790625
5 0.5640625 0.4796875 0.053125 0.78125
5 0.6546875 0.48203125 0.053125 0.78359375
5 0.42578125 0.4828125 0.0484375 0.78828125
5 0.4734375 0.4828125 0.05078125 0.7765625
5 0.33203125 0.484375 0.0484375 0.78359375
5 0.2859375 0.48828125 0.0578125 0.7984375