5 0.30390625 0.62734375 0.3546875 0.221875
5 0.3359375 0.675 0.3640625 0.2421875
5 0.36328125 0.7171875 0.378125 0.265625
5 0.2625 0.54453125 0.3734375 0.2453125
5 0.28828125 0.58046875 0.3625 0.2375
5 0.2359375 0.490625 0.384375 0.28125
5 0.4 0.7484375 0.3765625 0.28125
5 0.21953125 0.440625 0.3984375 0.309375
5 0.2109375 0.38203125 0.40625 0.3328125
5 0.45390625 0.75234375 0.4578125 0.3546875
5 0.48125 0.7671875 0.315625 0.259375
5 0.51953125 0.79921875 0.3234375 0.28125
5 0.24140625 0.32109375 0.3140625 0.2796875
5 0.5609375 0.821875 0.303125 0.2828125
5 0.2390625 0.271875 0.315625 0.3
5 0.2375 0.221875 0.30625 0.303125
5 0.6140625 0.8421875 0.3140625 0.3078125
5 0.24765625 0.17578125 0.3046875 0.3015625