6 0.59140625 0.5765625 0.2390625 0.65
6 0.46171875 0.5265625 0.2140625 0.7953125
6 0.26015625 0.71640625 0.21875 0.5453125
6 0.24140625 0.65078125 0.1890625 0.5390625
6 0.22109375 0.5859375 0.209375 0.615625
6 0.18515625 0.515625 0.18125 0.5375
6 0.14765625 0.4953125 0.15 0.5671875
6 0.115625 0.6234375 0.23125 0.546875
6 0.11171875 0.46171875 0.11875 0.5453125
6 0.06015625 0.5625 0.1203125 0.546875
6 0.88203125 0.5484375 0.2328125 0.2234375
6 0.871875 0.8734375 0.21875 0.2078125
6 0.8734375 0.209375 0.253125 0.346875