11 0.60546875 0.68359375 0.75234375 0.45703125
11 0.57109375 0.6296875 0.771875 0.4640625
11 0.475 0.53125 0.69453125 0.415625
11 0.41015625 0.49296875 0.62734375 0.3796875
11 0.36640625 0.44296875 0.59375 0.3609375
11 0.30078125 0.40625 0.5484375 0.334375
11 0.25703125 0.3640625 0.50703125 0.31015625
11 0.2078125 0.32421875 0.415625 0.27421875
11 0.19375 0.265625 0.38671875 0.2859375
11 0.15625 0.225 0.3078125 0.25703125
11 0.640625 0.7609375 0.71875 0.38828125
11 0.65390625 0.80390625 0.6921875 0.3921875
11 0.73203125 0.84296875 0.53515625 0.3140625