13 0.51953125 0.37734375 0.359375 0.290625
13 0.3578125 0.7296875 0.3796875 0.2984375
13 0.44609375 0.5546875 0.3953125 0.303125
13 0.29609375 0.8703125 0.3921875 0.2578125
13 0.61953125 0.20703125 0.3984375 0.3140625
13 0.7421875 0.69296875 0.3359375 0.275
13 0.8703125 0.3375 0.259375 0.278125
13 0.66953125 0.8609375 0.3640625 0.278125
13 0.82578125 0.52109375 0.3484375 0.3046875
13 0.6109375 0.94609375 0.35 0.1078125
13 0.16875 0.409375 0.3375 0.315625
13 0.2203125 0.23046875 0.4109375 0.3140625
13 0.09296875 0.75625 0.1859375 0.3
13 0.13125 0.58671875 0.2625 0.3046875
13 0.2984375 0.1125 0.4125 0.225