11 0.409375 0.30625 0.81875 0.534375
11 0.43984375 0.3640625 0.8421875 0.5421875
11 0.5328125 0.47421875 0.7578125 0.4859375
11 0.59921875 0.51953125 0.6859375 0.44375
11 0.640625 0.575 0.6484375 0.421875
11 0.703125 0.61875 0.59375 0.390625
11 0.73671875 0.66484375 0.5265625 0.3609375
11 0.7828125 0.709375 0.425 0.315625
11 0.79375 0.77265625 0.396875 0.3265625
11 0.8328125 0.81875 0.3109375 0.290625
11 0.38671875 0.2265625 0.7640625 0.453125
11 0.37578125 0.20390625 0.7328125 0.4078125
11 0.29609375 0.15703125 0.5640625 0.3140625