11 0.4921875 0.88671875 0.165625 0.2265625
11 0.54921875 0.859375 0.1703125 0.25
11 0.6046875 0.8203125 0.15625 0.2359375
11 0.6515625 0.77890625 0.1671875 0.2421875
11 0.7015625 0.73203125 0.1328125 0.1953125
11 0.74375 0.67890625 0.1296875 0.18125
11 0.79609375 0.6359375 0.1109375 0.15625
11 0.85 0.6015625 0.1140625 0.1609375
11 0.90078125 0.55703125 0.121875 0.1625
11 0.9515625 0.525 0.096875 0.1375
11 0.97421875 0.49296875 0.0515625 0.1546875
11 0.384375 0.91796875 0.16875 0.1640625
11 0.440625 0.90546875 0.16875 0.1890625