12 0.634375 0.37734375 0.1078125 0.09375
12 0.65859375 0.49140625 0.05546875 0.07421875
12 0.696875 0.63203125 0.0625 0.053125
12 0.4953125 0.290625 0.05546875 0.0453125
12 0.51171875 0.4109375 0.0984375 0.0890625
12 0.55078125 0.60859375 0.0453125 0.040625
12 0.5265625 0.5296875 0.06484375 0.0796875
12 0.37734375 0.34609375 0.0578125 0.0453125
12 0.38359375 0.44140625 0.0796875 0.08671875
12 0.390625 0.55390625 0.053125 0.0625
12 0.43046875 0.6890625 0.0453125 0.04296875
12 0.24609375 0.365625 0.053125 0.0359375
12 0.24609375 0.478125 0.084375 0.08671875
12 0.26796875 0.59765625 0.0671875 0.07421875
12 0.28984375 0.6984375 0.0625 0.053125
12 0.84140625 0.2484375 0.06015625 0.04296875
12 0.86171875 0.3421875 0.0796875 0.08203125
12 0.91796875 0.5328125 0.0671875 0.05078125
12 0.88359375 0.4484375 0.0453125 0.0671875
12 0.74375 0.26796875 0.06484375 0.0484375
12 0.75390625 0.353125 0.09375 0.0765625
12 0.81484375 0.603125 0.06015625 0.0453125
12 0.7765625 0.4796875 0.0671875 0.084375
12 0.62265625 0.31015625 0.06484375 0.0453125