5 0.58359375 0.10234375 0.1890625 0.2046875
5 0.49765625 0.12265625 0.1828125 0.2453125
5 0.6765625 0.0890625 0.196875 0.1671875
5 0.5453125 0.1109375 0.18125 0.221875
5 0.1875 0.25234375 0.1875 0.265625
5 0.140625 0.27265625 0.18125 0.259375
5 0.09609375 0.29453125 0.1765625 0.2546875
5 0.63046875 0.0984375 0.190625 0.1921875
5 0.07421875 0.3125 0.1421875 0.259375
5 0.05234375 0.340625 0.1015625 0.25625
5 0.52890625 0.48125 0.1828125 0.2703125
5 0.878125 0.32578125 0.178125 0.240625
5 0.7953125 0.365625 0.1671875 0.240625
5 0.49453125 0.5 0.1875 0.2734375
5 0.4234375 0.53125 0.190625 0.278125
5 0.45703125 0.51484375 0.1828125 0.2703125
5 0.56875 0.46796875 0.184375 0.2703125
5 0.23125 0.6171875 0.1703125 0.240625
5 0.18984375 0.63828125 0.1578125 0.2265625
5 0.8375 0.34921875 0.1734375 0.2484375
5 0.10703125 0.67578125 0.1625 0.2296875
5 0.0734375 0.69296875 0.146875 0.2296875
5 0.75859375 0.38828125 0.1640625 0.234375
5 0.15078125 0.659375 0.1640625 0.234375
5 0.28359375 0.928125 0.1640625 0.125
5 0.60078125 0.84453125 0.1796875 0.259375
5 0.3671875 0.915625 0.165625 0.1625
5 0.87421875 0.72578125 0.1625 0.2296875
5 0.734375 0.78828125 0.184375 0.259375
5 0.2453125 0.9390625 0.1609375 0.1
5 0.68984375 0.81015625 0.1765625 0.25625
5 0.3265625 0.925 0.159375 0.1390625
5 0.9109375 0.71015625 0.165625 0.23125
5 0.64609375 0.83046875 0.1796875 0.2546875
5 0.95078125 0.67734375 0.0921875 0.2328125
5 0.93203125 0.69296875 0.1265625 0.2296875
5 0.5609375 0.8703125 0.18125 0.25625
5 0.97109375 0.65859375 0.053125 0.2265625