6 0.59921875 0.475 0.4578125 0.765625
6 0.44453125 0.46484375 0.48125 0.9125
6 0.321875 0.25234375 0.390625 0.5046875
6 0.2828125 0.278125 0.375 0.55625
6 0.23203125 0.32578125 0.4171875 0.6515625
6 0.1734375 0.346875 0.346875 0.628125
6 0.14375 0.34921875 0.2875 0.6484375
6 0.1765625 0.265625 0.353125 0.53125
6 0.1078125 0.3703125 0.215625 0.60625
6 0.10625 0.27734375 0.2125 0.5546875
6 0.85703125 0.634375 0.2859375 0.30625
6 0.93203125 0.2984375 0.1359375 0.275
6 0.7296875 0.87421875 0.38125 0.2515625