11 0.5375 0.91328125 0.521875 0.16796875
11 0.44921875 0.6859375 0.5578125 0.23046875
11 0.5015625 0.821875 0.5484375 0.2234375
11 0.41484375 0.55390625 0.5484375 0.228125
11 0.384375 0.41484375 0.47578125 0.196875
11 0.33984375 0.2796875 0.47578125 0.196875
11 0.321875 0.13671875 0.4203125 0.178125
11 0.57421875 0.72265625 0.478125 0.2046875
11 0.61796875 0.8453125 0.4515625 0.1921875
11 0.5265625 0.43359375 0.37734375 0.1734375
11 0.5078125 0.29765625 0.334375 0.15390625
11 0.45078125 0.15859375 0.34375 0.15625
11 0.5984375 0.5671875 0.321875 0.1515625