13 0.4328125 0.6078125 0.321875 0.25703125
13 0.5796875 0.271875 0.34140625 0.2671875
13 0.5109375 0.44375 0.35546875 0.26953125
13 0.65390625 0.12890625 0.35546875 0.25703125
13 0.37734375 0.7859375 0.3578125 0.27890625
13 0.796875 0.56484375 0.30078125 0.2453125
13 0.65625 0.8890625 0.3078125 0.21640625
13 0.853125 0.40234375 0.28828125 0.26171875
13 0.740625 0.74296875 0.33671875 0.26953125
13 0.89296875 0.2515625 0.209375 0.25703125
13 0.209375 0.31875 0.36328125 0.28359375
13 0.16484375 0.490625 0.3296875 0.28359375
13 0.35234375 0.06875 0.36328125 0.13671875
13 0.2859375 0.15234375 0.365625 0.2765625
13 0.13125 0.6546875 0.26171875 0.2859375