7 0.0984375 0.73671875 0.10625 0.159375
7 0.4109375 0.7375 0.1234375 0.209375
7 0.87421875 0.67109375 0.0921875 0.1515625
7 0.3515625 0.21015625 0.090625 0.1609375
7 0.1921875 0.2578125 0.065625 0.1328125
7 0.40703125 0.21796875 0.1109375 0.1609375
7 0.31015625 0.23984375 0.0921875 0.128125
7 0.46796875 0.215625 0.0890625 0.15
7 0.8015625 0.15703125 0.1015625 0.1046875
7 0.09609375 0.30625 0.0984375 0.1421875
7 0.90234375 0.159375 0.10625 0.159375
7 0.67421875 0.20625 0.1734375 0.15625
7 0.8078125 0.2796875 0.1203125 0.15625
7 0.40390625 0.3703125 0.090625 0.140625
7 0.94375 0.28515625 0.0703125 0.1359375
7 0.46875 0.3796875 0.096875 0.1453125
7 0.16640625 0.4578125 0.0984375 0.134375
7 0.22578125 0.45234375 0.1046875 0.159375
7 0.28984375 0.4421875 0.1046875 0.1546875
7 0.97578125 0.4421875 0.0484375 0.121875
7 0.31328125 0.60234375 0.128125 0.1640625