13 0.1359375 0.36640625 0.028125 0.0765625
13 0.22421875 0.3296875 0.04375 0.071875
13 0.3296875 0.29453125 0.0328125 0.0828125
13 0.29921875 0.28671875 0.0328125 0.084375
13 0.4765625 0.21328125 0.0390625 0.0984375
13 0.7578125 0.2109375 0.0515625 0.09375
13 0.92109375 0.2078125 0.0390625 0.125
13 0.57734375 0.1640625 0.05 0.1125
13 0.6515625 0.13203125 0.0515625 0.10625
13 0.909375 0.1125 0.0390625 0.0984375
13 0.759375 0.08515625 0.046875 0.1140625
13 0.8890625 0.07421875 0.04375 0.1328125
13 0.81328125 0.06640625 0.06875 0.1234375
13 0.85078125 0.05546875 0.0625 0.0984375