5 0.396875 0.546875 0.41796875 0.0890625
5 0.3953125 0.49140625 0.43046875 0.084375
5 0.39921875 0.43515625 0.4234375 0.0765625
5 0.39765625 0.33046875 0.415625 0.06953125
5 0.39765625 0.23828125 0.43046875 0.10078125
5 0.4046875 0.603125 0.41796875 0.0796875
5 0.4 0.28515625 0.41328125 0.07421875
5 0.40234375 0.3859375 0.41796875 0.06015625
5 0.41015625 0.69921875 0.64453125 0.084375
5 0.4 0.1890625 0.42578125 0.1078125
5 0.4125 0.65390625 0.4203125 0.084375
5 0.4171875 0.740625 0.6390625 0.11328125
5 0.428125 0.7828125 0.6296875 0.1390625
5 0.42578125 0.14921875 0.40625 0.10546875
5 0.4390625 0.81875 0.64921875 0.1875
5 0.44609375 0.09609375 0.40859375 0.12734375