13 0.2078125 0.4421875 0.28828125 0.40390625
13 0.31640625 0.4578125 0.31484375 0.4203125
13 0.1859375 0.44375 0.371875 0.409375
13 0.40390625 0.475 0.2765625 0.415625
13 0.646875 0.5015625 0.35546875 0.4203125
13 0.5328125 0.49609375 0.334375 0.43046875
13 0.4421875 0.15625 0.2453125 0.3125
13 0.1546875 0.14453125 0.2671875 0.28828125
13 0.259375 0.1515625 0.2546875 0.303125
13 0.5609375 0.17578125 0.25703125 0.35078125
13 0.3578125 0.1671875 0.28828125 0.334375
13 0.7015625 0.19453125 0.3296875 0.37734375