13 0.37890625 0.9046875 0.3265625 0.190625
13 0.74296875 0.36640625 0.3171875 0.2859375
13 0.49765625 0.7546875 0.3390625 0.3078125
13 0.61484375 0.56484375 0.3390625 0.303125
13 0.84609375 0.1890625 0.3078125 0.278125
13 0.50859375 0.2359375 0.303125 0.26875
13 0.396875 0.41015625 0.3078125 0.271875
13 0.15 0.81875 0.3 0.29375
13 0.61640625 0.09140625 0.3046875 0.1828125
13 0.2625 0.6140625 0.328125 0.29375
13 0.2890625 0.1125 0.315625 0.225
13 0.390625 0.02421875 0.3 0.0484375
13 0.1 0.4796875 0.2 0.29375
13 0.0359375 0.6859375 0.071875 0.278125
13 0.16328125 0.27265625 0.315625 0.2953125
13 0.85546875 0.7046875 0.2796875 0.2671875
13 0.91171875 0.52421875 0.1765625 0.2640625
13 0.9625 0.33515625 0.075 0.2765625
13 0.615625 0.97421875 0.296875 0.0515625
13 0.7296875 0.86875 0.321875 0.2625