4 0.13828125 0.85078125 0.2546875 0.2359375
4 0.18046875 0.33984375 0.23828125 0.22109375
4 0.15859375 0.58671875 0.23828125 0.2234375
4 0.19609375 0.11171875 0.2765625 0.2234375
4 0.8546875 0.40390625 0.2859375 0.2546875
4 0.86875 0.1515625 0.240625 0.24765625
4 0.82421875 0.64453125 0.25234375 0.22578125
4 0.79453125 0.88671875 0.25234375 0.22109375
4 0.46875 0.8765625 0.29296875 0.24296875
4 0.53125 0.12109375 0.3171875 0.22578125
4 0.48046875 0.6234375 0.27421875 0.2546875
4 0.52890625 0.378125 0.2890625 0.209375