0 0.5140625 0.34765625 0.1828125 0.115625
0 0.81015625 0.41328125 0.1703125 0.10625
0 0.45625 0.42265625 0.125 0.125
0 0.7546875 0.46953125 0.196875 0.1375
0 0.953125 0.490625 0.09375 0.109375
0 0.39375 0.5234375 0.18125 0.1328125
0 0.9328125 0.59921875 0.1296875 0.1171875
0 0.703125 0.59296875 0.1953125 0.153125
0 0.3390625 0.6109375 0.18125 0.1328125
0 0.91328125 0.709375 0.1453125 0.121875
0 0.6421875 0.71875 0.190625 0.1328125
0 0.284375 0.70546875 0.1921875 0.1765625
0 0.87890625 0.83046875 0.1890625 0.1421875
0 0.56171875 0.84609375 0.225 0.203125
0 0.7953125 0.934375 0.228125 0.13125