6 0.5640625 0.51328125 0.7515625 0.36875
6 0.525 0.36328125 0.715625 0.3515625
6 0.63203125 0.56875 0.6734375 0.3328125
6 0.590625 0.4140625 0.6421875 0.3171875
6 0.5359375 0.28125 0.6390625 0.3109375
6 0.6984375 0.625 0.5921875 0.2953125
6 0.75390625 0.7921875 0.4921875 0.275
6 0.765625 0.84921875 0.46875 0.2796875
6 0.75859375 0.721875 0.4828125 0.2875
6 0.76328125 0.659375 0.4734375 0.259375
6 0.5390625 0.1171875 0.49375 0.234375
6 0.515625 0.09140625 0.5 0.1828125
6 0.5140625 0.05 0.465625 0.1
6 0.425 0.26953125 0.85 0.4546875