11 0.28515625 0.68515625 0.05078125 0.18046875
11 0.33671875 0.69921875 0.0578125 0.18515625
11 0.56484375 0.7953125 0.2453125 0.12265625
11 0.6875 0.31875 0.071875 0.31484375
11 0.5765625 0.33984375 0.0625 0.303125
11 0.4703125 0.3703125 0.0671875 0.3390625
11 0.26796875 0.3765625 0.09375 0.39453125
11 0.3765625 0.3953125 0.05546875 0.334375
11 0.1625 0.41953125 0.10078125 0.39453125
11 0.55390625 0.5765625 0.27890625 0.15390625
11 0.65625 0.6046875 0.2765625 0.165625
11 0.77421875 0.6421875 0.3265625 0.1734375