0 0.5171875 0.334375 0.15859375 0.0890625
0 0.24296875 0.365625 0.146875 0.08203125
0 0.5609375 0.40703125 0.103125 0.103125
0 0.2875 0.421875 0.16796875 0.1078125
0 0.071875 0.42265625 0.14375 0.0921875
0 0.6078125 0.5046875 0.15390625 0.10546875
0 0.0953125 0.52265625 0.146875 0.09609375
0 0.321875 0.53828125 0.165625 0.12265625
0 0.64921875 0.5890625 0.15390625 0.10546875
0 0.1 0.625 0.165625 0.0984375
0 0.365625 0.6578125 0.16328125 0.103125
0 0.68984375 0.67890625 0.1609375 0.14453125
0 0.13671875 0.73828125 0.1703125 0.11328125
0 0.42578125 0.7796875 0.1875 0.165625
0 0.2046875 0.8546875 0.19453125 0.13203125