8 0.07421875 0.4890625 0.1484375 0.221875
8 0.175 0.43203125 0.203125 0.228125
8 0.81484375 0.1203125 0.215625 0.2296875
8 0.43046875 0.30859375 0.2046875 0.225
8 0.68515625 0.1859375 0.2046875 0.2203125
8 0.5578125 0.246875 0.2 0.2234375
8 0.30234375 0.371875 0.2046875 0.225
8 0.39375 0.553125 0.209375 0.23125
8 0.2671875 0.6140625 0.2046875 0.2296875
8 0.88984375 0.31015625 0.1984375 0.23125
8 0.771875 0.36875 0.2046875 0.2296875
8 0.5171875 0.49453125 0.209375 0.23125
8 0.1421875 0.678125 0.203125 0.225
8 0.64453125 0.4328125 0.20625 0.23125
8 0.23046875 0.85625 0.1984375 0.2265625
8 0.60625 0.67578125 0.2015625 0.2296875
8 0.73203125 0.61484375 0.209375 0.2359375
8 0.93828125 0.4984375 0.1234375 0.221875
8 0.36015625 0.79765625 0.2046875 0.2296875
8 0.8578125 0.55625 0.2109375 0.23125
8 0.48671875 0.73828125 0.20625 0.228125
8 0.81953125 0.79296875 0.2078125 0.234375
8 0.69609375 0.85234375 0.2140625 0.234375
8 0.5703125 0.89921875 0.2 0.2015625
8 0.4421875 0.928125 0.2 0.14375
8 0.31328125 0.96015625 0.1828125 0.0796875
8 0.98046875 0.68125 0.0390625 0.209375
8 0.92109375 0.7359375 0.1578125 0.23125
8 0.73125 0.0234375 0.196875 0.046875
8 0.4671875 0.08515625 0.2 0.1703125
8 0.596875 0.05390625 0.190625 0.1078125
8 0.21015625 0.18046875 0.2046875 0.225
8 0.02734375 0.29921875 0.0546875 0.2109375
8 0.33984375 0.11953125 0.2 0.2203125
8 0.09140625 0.24375 0.1828125 0.225