13 0.76171875 0.89453125 0.2578125 0.2109375
13 0.79375 0.4828125 0.2703125 0.228125
13 0.8078125 0.315625 0.271875 0.20625
13 0.77578125 0.79921875 0.2703125 0.209375
13 0.78125 0.7484375 0.275 0.2125
13 0.80625 0.390625 0.271875 0.1828125
13 0.77421875 0.85546875 0.284375 0.2203125
13 0.80390625 0.453125 0.2734375 0.1953125
13 0.20390625 0.88046875 0.2609375 0.184375
13 0.24140625 0.390625 0.2640625 0.19375
13 0.24375 0.34296875 0.259375 0.190625
13 0.25 0.27421875 0.2546875 0.203125
13 0.21328125 0.82109375 0.278125 0.1953125
13 0.23984375 0.459375 0.2640625 0.1890625
13 0.22578125 0.703125 0.2921875 0.2109375
13 0.22265625 0.771875 0.2875 0.1890625
13 0.49765625 0.7265625 0.2546875 0.1953125
13 0.49296875 0.83046875 0.2609375 0.215625
13 0.49140625 0.87578125 0.2640625 0.2375
13 0.51875 0.48671875 0.2546875 0.1765625
13 0.53671875 0.29296875 0.2640625 0.1984375
13 0.50390625 0.76640625 0.2703125 0.228125
13 0.53203125 0.36015625 0.259375 0.1890625
13 0.53203125 0.4171875 0.2734375 0.203125