11 0.65625 0.14453125 0.084375 0.22109375
11 0.59609375 0.15625 0.08671875 0.228125
11 0.5375 0.171875 0.07421875 0.21875
11 0.4828125 0.19375 0.084375 0.22109375
11 0.42578125 0.21875 0.0671875 0.17578125
11 0.37265625 0.25234375 0.071875 0.1609375
11 0.3140625 0.271875 0.06015625 0.1421875
11 0.25703125 0.28515625 0.06015625 0.146875
11 0.20234375 0.30703125 0.06953125 0.1421875
11 0.1421875 0.31640625 0.06015625 0.1203125
11 0.0828125 0.33203125 0.06953125 0.14453125
11 0.02890625 0.34375 0.0578125 0.13203125
11 0.76953125 0.11640625 0.09140625 0.2328125
11 0.7125 0.1265625 0.08671875 0.2234375