10 0.1234375 0.57109375 0.246875 0.1921875
10 0.09609375 0.7234375 0.1921875 0.16796875
10 0.2203125 0.22109375 0.29296875 0.18984375
10 0.13828125 0.47265625 0.2765625 0.1609375
10 0.10703125 0.64453125 0.2140625 0.1734375
10 0.18359375 0.3125 0.28359375 0.1703125
10 0.15859375 0.38828125 0.27890625 0.15859375
10 0.76171875 0.50703125 0.30078125 0.1703125
10 0.61796875 0.9078125 0.303125 0.18046875
10 0.73046875 0.58515625 0.29296875 0.1734375
10 0.70078125 0.67421875 0.29296875 0.1734375
10 0.6703125 0.75390625 0.28828125 0.178125
10 0.7859375 0.4171875 0.303125 0.1828125
10 0.6390625 0.83515625 0.29296875 0.16796875
10 0.38671875 0.65234375 0.30078125 0.17578125
10 0.33046875 0.81875 0.28828125 0.1703125
10 0.4984375 0.32421875 0.29296875 0.16796875
10 0.4703125 0.4078125 0.29296875 0.16796875
10 0.44375 0.484375 0.29296875 0.16796875
10 0.41328125 0.56953125 0.29296875 0.1734375
10 0.35078125 0.740625 0.28828125 0.1703125
10 0.4953125 0.196875 0.790625 0.39375