12 0.1234375 0.7609375 0.24296875 0.4734375
12 0.33046875 0.6984375 0.228125 0.3921875
12 0.890625 0.65625 0.21640625 0.50234375
12 0.7546875 0.559375 0.22109375 0.38671875
12 0.5203125 0.40625 0.28359375 0.58671875
12 0.06015625 0.3765625 0.1203125 0.3890625
12 0.3296875 0.36875 0.11328125 0.2984375
12 0.265625 0.92890625 0.1609375 0.13671875
12 0.86640625 0.30625 0.196875 0.37265625
12 0.1203125 0.23046875 0.16328125 0.134375
12 0.8734375 0.91796875 0.25234375 0.15859375
12 0.65234375 0.18984375 0.39453125 0.37734375
12 0.9 0.0578125 0.1203125 0.1109375
12 0.46640625 0.86640625 0.35546875 0.26171875
12 0.634375 0.82578125 0.23828125 0.34375