13 0.82578125 0.625 0.02421875 0.06953125
13 0.74609375 0.66015625 0.03828125 0.06484375
13 0.6515625 0.69375 0.02890625 0.07421875
13 0.67890625 0.69921875 0.02890625 0.0765625
13 0.51796875 0.76953125 0.03359375 0.0890625
13 0.26328125 0.7765625 0.0453125 0.084375
13 0.115625 0.78125 0.03359375 0.11328125
13 0.428125 0.81640625 0.04296875 0.10078125
13 0.3609375 0.84609375 0.0453125 0.09609375
13 0.12734375 0.86796875 0.03359375 0.0890625
13 0.26328125 0.890625 0.040625 0.103125
13 0.146875 0.90234375 0.03828125 0.1203125
13 0.21484375 0.91015625 0.06015625 0.1109375
13 0.1828125 0.93359375 0.05546875 0.11796875