4 0.1828125 0.11875 0.259375 0.2375
4 0.6203125 0.5109375 0.26171875 0.31015625
4 0.378125 0.47109375 0.26171875 0.24765625
4 0.87109375 0.56484375 0.25234375 0.33671875
4 0.12890625 0.4359375 0.25703125 0.30546875
4 0.0984375 0.74609375 0.196875 0.25703125
4 0.57578125 0.8453125 0.23828125 0.23828125
4 0.31875 0.8078125 0.2546875 0.271875
4 0.80859375 0.87890625 0.2671875 0.23828125
4 0.6859375 0.1828125 0.2671875 0.2984375
4 0.90234375 0.23125 0.19453125 0.21875
4 0.453125 0.14765625 0.23828125 0.2640625