12 0.1765625 0.6140625 0.13203125 0.2234375
12 0.5171875 0.6765625 0.2640625 0.44453125
12 0.35546875 0.678125 0.1921875 0.25703125
12 0.86171875 0.74375 0.1875 0.321875
12 0.65859375 0.84375 0.37734375 0.31015625
12 0.13671875 0.87265625 0.271875 0.2546875
12 0.859375 0.125 0.2765625 0.25
12 0.49921875 0.19921875 0.4640625 0.3984375
12 0.62734375 0.2484375 0.23046875 0.4546875
12 0.1203125 0.33984375 0.240625 0.40390625
12 0.334375 0.415625 0.21640625 0.37734375
12 0.88671875 0.4328125 0.22109375 0.3703125
12 0.728125 0.4890625 0.27890625 0.43515625