7 0.60234375 0.6609375 0.0453125 0.05546875
7 0.63359375 0.834375 0.06015625 0.08671875
7 0.24140625 0.18359375 0.04296875 0.07421875
7 0.2984375 0.3890625 0.08203125 0.071875
7 0.359375 0.96171875 0.05546875 0.071875
7 0.228125 0.5890625 0.05078125 0.0765625
7 0.1078125 0.25234375 0.0671875 0.06015625
7 0.2765625 0.7671875 0.0671875 0.0984375
7 0.67890625 0.0640625 0.07421875 0.07421875
7 0.603125 0.25234375 0.0625 0.09140625
7 0.546875 0.0796875 0.071875 0.10078125
7 0.65234375 0.45078125 0.10546875 0.15625