6 0.52421875 0.41796875 0.8015625 0.2171875
6 0.58828125 0.5703125 0.7640625 0.2078125
6 0.54609375 0.32890625 0.721875 0.2
6 0.60859375 0.48515625 0.6859375 0.190625
6 0.64765625 0.63125 0.6828125 0.1859375
6 0.5671875 0.2390625 0.6328125 0.1765625
6 0.540625 0.059375 0.60625 0.11875
6 0.53203125 0.02890625 0.6140625 0.0578125
6 0.57734375 0.10703125 0.553125 0.1921875
6 0.6171875 0.1578125 0.5453125 0.159375
6 0.74609375 0.7703125 0.5078125 0.146875
6 0.75546875 0.83984375 0.4890625 0.1703125
6 0.78125 0.89921875 0.4375 0.1421875
6 0.50625 0.7453125 0.9875 0.265625