5 0.98046875 0.6984375 0.02890625 0.15625
5 0.05078125 0.70703125 0.0359375 0.165625
5 0.084375 0.709375 0.03359375 0.165625
5 0.115625 0.709375 0.03359375 0.165625
5 0.28125 0.71015625 0.0359375 0.16796875
5 0.3453125 0.71015625 0.03359375 0.1703125
5 0.18125 0.71015625 0.03125 0.16796875
5 0.24609375 0.71015625 0.0359375 0.165625
5 0.37890625 0.71015625 0.03359375 0.165625
5 0.15234375 0.7125 0.040625 0.1734375
5 0.3125 0.7125 0.03125 0.17578125
5 0.45703125 0.7140625 0.03359375 0.16796875
5 0.490625 0.7140625 0.0359375 0.165625
5 0.52265625 0.7140625 0.03359375 0.16328125
5 0.421875 0.7140625 0.0265625 0.16796875
5 0.8265625 0.71484375 0.03359375 0.165625
5 0.63828125 0.71484375 0.03125 0.16328125
5 0.8578125 0.71640625 0.03359375 0.16796875
5 0.7953125 0.71640625 0.03359375 0.165625
5 0.55390625 0.71640625 0.03359375 0.1609375
5 0.60234375 0.71640625 0.03359375 0.165625
5 0.9203125 0.7171875 0.0359375 0.16328125
5 0.7046875 0.7171875 0.03359375 0.165625
5 0.7390625 0.7171875 0.0359375 0.15859375
5 0.66953125 0.71875 0.03125 0.165625
5 0.890625 0.71875 0.03359375 0.16796875