7 0.7640625 0.29296875 0.0453125 0.0390625
7 0.7015625 0.56796875 0.0265625 0.0453125
7 0.653125 0.42890625 0.0421875 0.05625
7 0.46640625 0.284375 0.03125 0.040625
7 0.41171875 0.43046875 0.0359375 0.0453125
7 0.40390625 0.37265625 0.03125 0.0375
7 0.4078125 0.55703125 0.03125 0.053125
7 0.38828125 0.2765625 0.0390625 0.053125
7 0.3328125 0.34296875 0.0390625 0.05625
7 0.29296875 0.578125 0.04375 0.0453125
7 0.2375 0.13984375 0.0359375 0.078125
7 0.23125 0.26875 0.0515625 0.0734375
7 0.20234375 0.578125 0.0578125 0.0734375
7 0.1578125 0.403125 0.0515625 0.078125
7 0.11484375 0.38359375 0.0421875 0.075
7 0.0578125 0.490625 0.0625 0.0859375