6 0.525 0.65078125 0.7375 0.4671875
6 0.521875 0.48359375 0.84375 0.4796875
6 0.7515625 0.39140625 0.496875 0.3828125
6 0.725 0.33828125 0.55 0.3734375
6 0.66484375 0.2828125 0.59375 0.38125
6 0.6390625 0.23515625 0.55 0.3328125
6 0.61640625 0.178125 0.5484375 0.315625
6 0.72734375 0.20703125 0.5453125 0.4109375
6 0.6234375 0.1421875 0.5625 0.284375
6 0.7296875 0.1453125 0.540625 0.290625
6 0.3453125 0.86875 0.2890625 0.2609375
6 0.1234375 0.73515625 0.246875 0.3734375
6 0.66328125 0.96171875 0.2453125 0.0765625