11 0.721875 0.1921875 0.14375 0.2484375
11 0.65625 0.18984375 0.1484375 0.2578125
11 0.59140625 0.190625 0.1328125 0.24375
11 0.53046875 0.1984375 0.14375 0.2484375
11 0.4640625 0.21015625 0.1140625 0.196875
11 0.4015625 0.23046875 0.115625 0.184375
11 0.3359375 0.23515625 0.0984375 0.1625
11 0.275 0.234375 0.1 0.165625
11 0.2125 0.24296875 0.1078125 0.1640625
11 0.14765625 0.2375 0.0921875 0.1390625
11 0.08515625 0.2390625 0.103125 0.165625
11 0.84375 0.1953125 0.153125 0.2578125
11 0.78359375 0.18828125 0.146875 0.253125