7 0.7640625 0.2921875 0.0484375 0.0546875
7 0.484375 0.2875 0.0484375 0.0359375
7 0.60703125 0.36640625 0.0640625 0.053125
7 0.70078125 0.58125 0.0484375 0.040625
7 0.54765625 0.6 0.053125 0.046875
7 0.60078125 0.6203125 0.0453125 0.0390625
7 0.42265625 0.5734375 0.059375 0.04375
7 0.690625 0.66015625 0.0609375 0.05
7 0.61171875 0.696875 0.0625 0.0515625
7 0.37578125 0.67890625 0.0546875 0.053125
7 0.784375 0.8375 0.084375 0.0546875
7 0.659375 0.8125 0.0828125 0.0671875
7 0.35390625 0.76640625 0.084375 0.071875
7 0.5125 0.85078125 0.0875 0.0703125
7 0.52109375 0.8984375 0.0828125 0.0609375
7 0.403125 0.92734375 0.0984375 0.08125