7 0.74296875 0.11640625 0.240625 0.18046875
7 0.80078125 0.3453125 0.3265625 0.259375
7 0.5984375 0.9421875 0.26953125 0.1109375
7 0.9546875 0.20703125 0.08671875 0.1734375
7 0.8375 0.8578125 0.1734375 0.2046875
7 0.96640625 0.42578125 0.0625 0.21640625
7 0.09140625 0.60078125 0.1828125 0.2453125
7 0.2359375 0.16484375 0.2859375 0.240625
7 0.25703125 0.4125 0.24765625 0.24765625
7 0.4671875 0.0640625 0.25234375 0.12734375
7 0.3296875 0.6890625 0.24296875 0.23046875
7 0.50625 0.25234375 0.2328125 0.2234375
7 0.33203125 0.90234375 0.2640625 0.1921875
7 0.53359375 0.50390625 0.2046875 0.209375