4 0.68046875 0.9125 0.28359375 0.1703125
4 0.55078125 0.390625 0.334375 0.2984375
4 0.4625 0.62265625 0.2765625 0.2859375
4 0.63359375 0.146875 0.35546875 0.29296875
4 0.36875 0.85234375 0.3296875 0.290625
4 0.10703125 0.7515625 0.2140625 0.28125
4 0.2390625 0.26171875 0.26171875 0.2640625
4 0.146875 0.50390625 0.29296875 0.2859375
4 0.303125 0.08984375 0.31875 0.1796875
4 0.85078125 0.49765625 0.29296875 0.303125
4 0.9109375 0.26171875 0.1734375 0.27890625
4 0.7828125 0.71640625 0.28828125 0.2671875