5 0.5640625 0.10703125 0.1609375 0.2140625
5 0.4859375 0.140625 0.15390625 0.2328125
5 0.64765625 0.0890625 0.1703125 0.178125
5 0.5296875 0.11796875 0.15390625 0.23046875
5 0.21015625 0.28828125 0.15625 0.2328125
5 0.16796875 0.31015625 0.1515625 0.228125
5 0.12890625 0.3328125 0.146875 0.2234375
5 0.60546875 0.10078125 0.16328125 0.2015625
5 0.09375 0.35234375 0.14921875 0.23046875
5 0.06484375 0.37734375 0.1296875 0.23046875
5 0.5375 0.47578125 0.1515625 0.23828125
5 0.84765625 0.3109375 0.14921875 0.21171875
5 0.77421875 0.353125 0.1390625 0.21171875
5 0.50703125 0.4953125 0.15625 0.240625
5 0.44375 0.52890625 0.15859375 0.2453125
5 0.4734375 0.51171875 0.1515625 0.23828125
5 0.5734375 0.46171875 0.15390625 0.23828125
5 0.27265625 0.6203125 0.1421875 0.21171875
5 0.23671875 0.6421875 0.13203125 0.19921875
5 0.8109375 0.33515625 0.14453125 0.21875
5 0.16328125 0.68125 0.134375 0.2015625
5 0.12734375 0.70078125 0.134375 0.2015625
5 0.74140625 0.3765625 0.13671875 0.20703125
5 0.2015625 0.66328125 0.13671875 0.20703125
5 0.34140625 0.9234375 0.14453125 0.14921875
5 0.6265625 0.80390625 0.14921875 0.228125
5 0.4171875 0.90625 0.1421875 0.1828125
5 0.86875 0.678125 0.134375 0.2015625
5 0.7453125 0.74375 0.15390625 0.228125
5 0.30625 0.93515625 0.1421875 0.125
5 0.70546875 0.7671875 0.146875 0.22578125
5 0.3796875 0.9171875 0.1390625 0.1609375
5 0.9046875 0.6625 0.1390625 0.2046875
5 0.6671875 0.78828125 0.14921875 0.2234375
5 0.94921875 0.62890625 0.09609375 0.209375
5 0.93359375 0.6453125 0.12734375 0.2046875
5 0.59140625 0.83046875 0.1515625 0.22578125
5 0.9671875 0.6109375 0.06015625 0.20703125