6 0.4765625 0.5421875 0.73125 0.1625
6 0.425 0.39921875 0.696875 0.15625
6 0.45234375 0.6234375 0.6578125 0.15
6 0.4015625 0.4765625 0.625 0.14375
6 0.3734375 0.33984375 0.6234375 0.1375
6 0.42890625 0.7046875 0.5765625 0.1328125
6 0.4421875 0.890625 0.553125 0.1203125
6 0.44921875 0.94296875 0.5640625 0.1125
6 0.4125 0.825 0.503125 0.15
6 0.378125 0.77734375 0.496875 0.1203125
6 0.278125 0.20546875 0.48125 0.1109375
6 0.26328125 0.14140625 0.4828125 0.1328125
6 0.23125 0.08515625 0.4578125 0.109375
6 0.496875 0.24140625 0.91875 0.196875