12 0.340625 0.36953125 0.1265625 0.1125
12 0.32265625 0.49765625 0.0671875 0.0875
12 0.290625 0.65625 0.0734375 0.0640625
12 0.4890625 0.26171875 0.065625 0.0546875
12 0.4796875 0.39765625 0.115625 0.10625
12 0.4515625 0.61875 0.053125 0.0484375
12 0.47265625 0.53046875 0.078125 0.09375
12 0.62421875 0.3140625 0.0671875 0.0546875
12 0.62421875 0.4203125 0.0953125 0.1015625
12 0.62578125 0.54609375 0.0640625 0.0734375
12 0.59140625 0.6984375 0.0546875 0.0515625
12 0.7703125 0.325 0.0609375 0.04375
12 0.77890625 0.45078125 0.1 0.103125
12 0.7640625 0.58515625 0.08125 0.0875
12 0.7484375 0.6984375 0.0734375 0.0640625
12 0.1015625 0.24296875 0.0703125 0.053125
12 0.0859375 0.34765625 0.09375 0.096875
12 0.040625 0.5625 0.078125 0.0609375
12 0.0703125 0.4671875 0.05625 0.078125
12 0.2109375 0.25625 0.075 0.0578125
12 0.20703125 0.3515625 0.109375 0.09375
12 0.15859375 0.63359375 0.0703125 0.0546875
12 0.190625 0.49375 0.08125 0.0984375
12 0.3484375 0.29375 0.075 0.05625