11 0.43359375 0.11640625 0.13203125 0.209375
11 0.4890625 0.14296875 0.134375 0.21640625
11 0.54296875 0.1734375 0.12265625 0.2046875
11 0.58984375 0.20703125 0.13203125 0.209375
11 0.640625 0.2453125 0.10546875 0.16796875
11 0.68359375 0.28984375 0.103125 0.15625
11 0.7359375 0.3234375 0.0890625 0.134375
11 0.78828125 0.35 0.09140625 0.1390625
11 0.8390625 0.3859375 0.0984375 0.1390625
11 0.8921875 0.40859375 0.084375 0.11796875
11 0.94609375 0.4375 0.09609375 0.1390625
11 0.975 0.4640625 0.0453125 0.1296875
11 0.33203125 0.08671875 0.1390625 0.1734375
11 0.3859375 0.09609375 0.13671875 0.1921875