0 0.47578125 0.3140625 0.1671875 0.0953125
0 0.76015625 0.35234375 0.153125 0.0875
0 0.428125 0.38984375 0.109375 0.109375
0 0.7125 0.41015625 0.1765625 0.115625
0 0.9296875 0.41484375 0.140625 0.0984375
0 0.37734375 0.48984375 0.1625 0.1125
0 0.9109375 0.51796875 0.1546875 0.103125
0 0.67421875 0.53046875 0.175 0.1296875
0 0.33359375 0.5765625 0.1625 0.1125
0 0.90390625 0.62421875 0.175 0.1046875
0 0.62734375 0.65390625 0.171875 0.1109375
0 0.2890625 0.66953125 0.1703125 0.153125
0 0.86328125 0.74140625 0.1796875 0.1203125
0 0.5625 0.7796875 0.1984375 0.1765625
0 0.79140625 0.86171875 0.2046875 0.140625