13 0.4734375 0.3828125 0.359375 0.290625
13 0.57109375 0.75859375 0.3796875 0.2984375
13 0.515625 0.57109375 0.3953125 0.303125
13 0.609375 0.88984375 0.390625 0.2203125
13 0.40390625 0.1984375 0.3984375 0.3140625
13 0.2 0.65546875 0.3359375 0.275
13 0.13515625 0.2828125 0.2578125 0.2765625
13 0.24140625 0.840625 0.3640625 0.2921875
13 0.159375 0.47265625 0.31875 0.3015625
13 0.28203125 0.9359375 0.35 0.1234375
13 0.82109375 0.478125 0.3578125 0.31875
13 0.79375 0.29140625 0.4109375 0.3140625
13 0.85859375 0.83515625 0.25 0.303125
13 0.84296875 0.6609375 0.3125 0.30625
13 0.7390625 0.1390625 0.4125 0.271875