5 0.28359375 0.5015625 0.3171875 0.0984375
5 0.27734375 0.44609375 0.31484375 0.1203125
5 0.27265625 0.4 0.321875 0.1390625
5 0.30390625 0.58515625 0.32421875 0.11796875
5 0.3015625 0.54453125 0.31484375 0.115625
5 0.3171875 0.640625 0.31953125 0.15390625
5 0.2796875 0.3546875 0.31484375 0.15625
5 0.33671875 0.6875 0.32421875 0.18046875
5 0.3640625 0.7359375 0.32421875 0.2046875
5 0.3171875 0.31953125 0.375 0.20703125
5 0.3265625 0.290625 0.25234375 0.1609375
5 0.33515625 0.2453125 0.25234375 0.1828125
5 0.42421875 0.7609375 0.24296875 0.18515625
5 0.35078125 0.203125 0.228125 0.1921875
5 0.4515625 0.7984375 0.2328125 0.209375
5 0.4828125 0.83671875 0.22109375 0.21640625
5 0.37734375 0.15625 0.228125 0.21640625
5 0.51953125 0.865625 0.21640625 0.2234375