6 0.55703125 0.63125 0.7046875 0.4234375
6 0.53359375 0.46875 0.809375 0.4296875
6 0.75546875 0.34921875 0.4890625 0.3515625
6 0.725 0.3015625 0.546875 0.3375
6 0.6484375 0.25703125 0.5671875 0.3453125
6 0.61796875 0.2125 0.5265625 0.3
6 0.58984375 0.16015625 0.5265625 0.2828125
6 0.7171875 0.1796875 0.553125 0.359375
6 0.590625 0.125 0.540625 0.25
6 0.7109375 0.1203125 0.55 0.240625
6 0.4078125 0.87109375 0.271875 0.2578125
6 0.14609375 0.7640625 0.2859375 0.3546875
6 0.73046875 0.940625 0.2375 0.1109375