11 0.46796875 0.11328125 0.1609375 0.2265625
11 0.5234375 0.1453125 0.1640625 0.2390625
11 0.5765625 0.18203125 0.15 0.225
11 0.62109375 0.221875 0.1609375 0.23125
11 0.66953125 0.26796875 0.128125 0.1859375
11 0.71015625 0.31875 0.125 0.1734375
11 0.76015625 0.359375 0.1078125 0.15
11 0.8125 0.39296875 0.109375 0.1546875
11 0.86015625 0.4359375 0.1171875 0.15625
11 0.91328125 0.46484375 0.1 0.13125
11 0.95234375 0.49921875 0.0953125 0.1546875
11 0.98046875 0.52890625 0.0390625 0.1390625
11 0.36484375 0.08359375 0.1640625 0.1671875
11 0.4203125 0.0953125 0.1625 0.190625