5 0.46875 0.665625 0.0890625 0.4546875
5 0.67578125 0.665625 0.08671875 0.4640625
5 0.60703125 0.6671875 0.09140625 0.47109375
5 0.74765625 0.6671875 0.103125 0.46171875
5 0.18125 0.66796875 0.0984375 0.459375
5 0.25234375 0.66953125 0.09609375 0.446875
5 0.3234375 0.66953125 0.08203125 0.446875
5 0.39765625 0.66953125 0.08671875 0.45703125
5 0.5375 0.6703125 0.09609375 0.4546875
5 0.81484375 0.6734375 0.09140625 0.46171875
5 0.11875 0.6734375 0.0890625 0.44453125
5 0.8859375 0.678125 0.0890625 0.4515625