10 0.84609375 0.33515625 0.2921875 0.2546875
10 0.84375 0.16796875 0.228125 0.215625
10 0.82109375 0.7265625 0.3515625 0.2625
10 0.84609375 0.44296875 0.3078125 0.2265625
10 0.8484375 0.2546875 0.253125 0.2265625
10 0.8359375 0.621875 0.328125 0.240625
10 0.84296875 0.53671875 0.3140625 0.2265625
10 0.1859375 0.53515625 0.3546875 0.24375
10 0.26328125 0.1078125 0.3484375 0.1984375
10 0.203125 0.44453125 0.3484375 0.2453125
10 0.21640625 0.34453125 0.3484375 0.2453125
10 0.23203125 0.25390625 0.34375 0.2484375
10 0.18203125 0.6359375 0.3546875 0.25625
10 0.2484375 0.16015625 0.346875 0.2390625
10 0.5546875 0.30234375 0.35625 0.2484375
10 0.58046875 0.1171875 0.3421875 0.234375
10 0.50390625 0.67421875 0.346875 0.2390625
10 0.5171875 0.58046875 0.346875 0.2390625
10 0.52890625 0.49296875 0.346875 0.2390625
10 0.54375 0.39609375 0.3484375 0.2453125
10 0.575 0.2015625 0.3421875 0.240625
10 0.53046875 0.75859375 0.9171875 0.4828125