10 0.46796875 0.8375 0.2296875 0.325
10 0.35078125 0.86484375 0.2359375 0.2703125
10 0.16640625 0.903125 0.1953125 0.19375
10 0.56171875 0.8296875 0.2265625 0.340625
10 0.665625 0.80390625 0.2453125 0.3609375
10 0.265625 0.88828125 0.234375 0.2234375
10 0.7421875 0.47265625 0.515625 0.9453125
10 0.08359375 0.65390625 0.1671875 0.3703125
10 0.3578125 0.55078125 0.2296875 0.36875
10 0.1640625 0.6265625 0.2375 0.3875
10 0.26328125 0.59375 0.2125 0.3875
10 0.559375 0.4890625 0.2453125 0.390625
10 0.4578125 0.52578125 0.2234375 0.3828125