12 0.840625 0.53828125 0.1796875 0.246875
12 0.52265625 0.67578125 0.3578125 0.4921875
12 0.68125 0.64140625 0.2453125 0.29375
12 0.20234375 0.81875 0.2546875 0.35625
12 0.421875 0.83828125 0.4375 0.3234375
12 0.88828125 0.78125 0.2234375 0.309375
12 0.1140625 0.215625 0.228125 0.30625
12 0.43203125 0.2265625 0.5421875 0.453125
12 0.31953125 0.28359375 0.3265625 0.4953125
12 0.83359375 0.25859375 0.325 0.4484375
12 0.6421875 0.38046875 0.2953125 0.415625
12 0.128125 0.52109375 0.25625 0.4109375
12 0.275 0.540625 0.3703125 0.4875