7 0.47265625 0.06953125 0.24296875 0.1390625
7 0.65234375 0.1984375 0.3265625 0.259375
7 0.865625 0.83515625 0.2671875 0.196875
7 0.74765625 0.02265625 0.21640625 0.0453125
7 0.946875 0.59140625 0.10078125 0.20703125
7 0.86328125 0.14296875 0.134375 0.2140625
7 0.196875 0.84375 0.2546875 0.24296875
7 0.11796875 0.3859375 0.2359375 0.24296875
7 0.2515625 0.571875 0.24765625 0.24765625
7 0.1984375 0.1390625 0.25 0.18984375
7 0.47265625 0.75234375 0.24296875 0.23046875
7 0.359375 0.296875 0.2328125 0.2234375
7 0.6 0.91328125 0.2671875 0.16796875
7 0.52890625 0.4828125 0.2046875 0.209375