11 0.6609375 0.1046875 0.0984375 0.2
11 0.596875 0.11015625 0.1015625 0.2171875
11 0.53203125 0.1140625 0.0890625 0.228125
11 0.47421875 0.13046875 0.1 0.2421875
11 0.41015625 0.15546875 0.0796875 0.1921875
11 0.35234375 0.18984375 0.084375 0.1765625
11 0.2875 0.20859375 0.0703125 0.15625
11 0.22578125 0.22109375 0.0703125 0.1609375
11 0.165625 0.2421875 0.08125 0.15625
11 0.1 0.25 0.06875 0.1328125
11 0.040625 0.26484375 0.0703125 0.1578125
11 0.78515625 0.096875 0.1046875 0.178125
11 0.72265625 0.09765625 0.1 0.1828125