7 0.540625 0.91015625 0.14921875 0.15390625
7 0.4234375 0.50390625 0.06953125 0.06953125
7 0.32421875 0.32421875 0.134375 0.1875
7 0.41953125 0.74140625 0.08671875 0.11796875
7 0.05859375 0.19765625 0.1171875 0.1171875
7 0.2140625 0.9078125 0.22109375 0.18046875
7 0.834375 0.39765625 0.1421875 0.1703125
7 0.71171875 0.040625 0.1515625 0.08125
7 0.7328125 0.2015625 0.10078125 0.09140625
7 0.83984375 0.64765625 0.1875 0.18515625
7 0.5640625 0.25859375 0.09375 0.08203125
7 0.40859375 0.0921875 0.0765625 0.05078125