12 0.24609375 0.44765625 0.134375 0.0859375
12 0.05 0.50078125 0.1 0.0890625
12 0.85 0.16171875 0.10625 0.1359375
12 0.39140625 0.228125 0.0765625 0.078125
12 0.24140625 0.2453125 0.0765625 0.059375
12 0.6625 0.21015625 0.1078125 0.0859375
12 0.2921875 0.24296875 0.0515625 0.078125
12 0.36796875 0.2625 0.08125 0.1015625
12 0.46796875 0.2578125 0.1 0.1125
12 0.85625 0.2609375 0.1 0.128125
12 0.415625 0.33984375 0.203125 0.1
12 0.54765625 0.33046875 0.08125 0.1640625
12 0.05 0.378125 0.1 0.06875
12 0.5875 0.3390625 0.075 0.11875
12 0.12265625 0.43125 0.1015625 0.15625
12 0.84453125 0.3765625 0.1125 0.0671875