5 0.6421875 0.103125 0.2046875 0.196875
5 0.553125 0.1140625 0.20625 0.228125
5 0.734375 0.10234375 0.2078125 0.1609375
5 0.6015625 0.10546875 0.2 0.2109375
5 0.23359375 0.18203125 0.21875 0.2828125
5 0.18359375 0.1953125 0.2125 0.2765625
5 0.13671875 0.2109375 0.20625 0.2703125
5 0.6875 0.10625 0.2046875 0.184375
5 0.1125 0.22578125 0.1765625 0.2703125
5 0.0859375 0.25 0.1359375 0.2625
5 0.5375 0.4546875 0.2140625 0.2859375
5 0.9 0.34921875 0.2 0.2578125
5 0.815625 0.378125 0.1953125 0.2546875
5 0.50078125 0.46796875 0.2203125 0.2890625
5 0.4265625 0.48984375 0.2234375 0.2953125
5 0.4625 0.478125 0.2140625 0.2859375
5 0.57890625 0.44765625 0.215625 0.2875
5 0.225 0.54765625 0.1984375 0.25625
5 0.18125 0.5625 0.184375 0.240625
5 0.859375 0.3671875 0.2015625 0.2640625
5 0.0953125 0.58828125 0.1890625 0.24375
5 0.0734375 0.6 0.146875 0.24375
5 0.7765625 0.3953125 0.1921875 0.25
5 0.13984375 0.57734375 0.1921875 0.25
5 0.23046875 0.878125 0.184375 0.178125
5 0.5578125 0.821875 0.209375 0.2765625
5 0.3140625 0.8765625 0.190625 0.2140625
5 0.84375 0.74296875 0.1890625 0.24375
5 0.69765625 0.78515625 0.2140625 0.2765625
5 0.190625 0.88203125 0.175 0.153125
5 0.65 0.80078125 0.20625 0.271875
5 0.27265625 0.8796875 0.18125 0.190625
5 0.88359375 0.73515625 0.19375 0.246875
5 0.6046875 0.815625 0.2078125 0.2703125
5 0.92734375 0.70625 0.1234375 0.2375
5 0.90703125 0.7203125 0.1546875 0.2390625
5 0.51484375 0.84296875 0.2109375 0.2734375
5 0.95078125 0.69140625 0.084375 0.228125