13 0.0984375 0.66796875 0.18046875 0.25
13 0.740625 0.6203125 0.1734375 0.240625
13 0.31875 0.64765625 0.18515625 0.25703125
13 0.52265625 0.63203125 0.18046875 0.25703125
13 0.9234375 0.603125 0.14921875 0.2453125
13 0.71171875 0.37265625 0.15625 0.2328125
13 0.5203125 0.3859375 0.15859375 0.240625
13 0.08203125 0.41484375 0.16328125 0.25234375
13 0.91328125 0.3546875 0.15625 0.240625
13 0.29453125 0.3953125 0.17578125 0.25
13 0.703125 0.1296875 0.1609375 0.2453125
13 0.89765625 0.11796875 0.165625 0.2359375
13 0.27421875 0.14765625 0.178125 0.2546875
13 0.06875 0.1609375 0.13671875 0.2640625
13 0.49140625 0.1296875 0.17578125 0.25234375
13 0.55078125 0.890625 0.16796875 0.2140625
13 0.74375 0.87890625 0.165625 0.21640625
13 0.9265625 0.859375 0.1421875 0.228125
13 0.1265625 0.89765625 0.18046875 0.19921875
13 0.3453125 0.8859375 0.18515625 0.2234375