10 0.06015625 0.49140625 0.115625 0.30546875
10 0.553125 0.50859375 0.10078125 0.28359375
10 0.15625 0.51328125 0.1109375 0.2546875
10 0.65390625 0.515625 0.0796875 0.259375
10 0.2515625 0.53359375 0.06953125 0.2328125
10 0.31953125 0.53359375 0.0671875 0.21640625
10 0.96015625 0.53828125 0.0671875 0.25234375
10 0.4625 0.5359375 0.0796875 0.23828125
10 0.7328125 0.540625 0.0796875 0.21171875
10 0.39921875 0.5421875 0.0671875 0.196875
10 0.8171875 0.55390625 0.0671875 0.22109375
10 0.8859375 0.56484375 0.0796875 0.18046875