5 0.465625 0.8875 0.1875 0.225
5 0.54453125 0.8609375 0.1828125 0.2703125
5 0.38046875 0.9109375 0.1890625 0.178125
5 0.5015625 0.87578125 0.18125 0.2484375
5 0.81484375 0.684375 0.1859375 0.26875
5 0.8546875 0.65859375 0.178125 0.2640625
5 0.89375 0.63125 0.1734375 0.259375
5 0.4234375 0.896875 0.184375 0.20625
5 0.9203125 0.60703125 0.159375 0.2671875
5 0.93984375 0.5796875 0.1203125 0.2625
5 0.4625 0.5203125 0.1796875 0.2765625
5 0.15859375 0.71796875 0.175 0.2453125
5 0.23046875 0.66796875 0.1640625 0.2421875
5 0.49140625 0.49765625 0.184375 0.2796875
5 0.55390625 0.4578125 0.1875 0.2828125
5 0.52421875 0.47734375 0.1796875 0.2765625
5 0.42734375 0.5390625 0.18125 0.2734375
5 0.72109375 0.3484375 0.1703125 0.24375
5 0.75625 0.32421875 0.15625 0.23125
5 0.19375 0.6890625 0.16875 0.2515625
5 0.82734375 0.2765625 0.1609375 0.2359375
5 0.86328125 0.25390625 0.1609375 0.2359375
5 0.26171875 0.64140625 0.1625 0.240625
5 0.790625 0.29921875 0.1625 0.240625
5 0.62578125 0.06796875 0.1578125 0.1359375
5 0.34140625 0.1921875 0.1765625 0.2609375
5 0.55 0.08828125 0.159375 0.1765625
5 0.1046875 0.3421875 0.1609375 0.2359375
5 0.225 0.26484375 0.1828125 0.265625
5 0.66171875 0.053125 0.1484375 0.10625
5 0.26328125 0.23828125 0.1765625 0.2609375
5 0.5890625 0.075 0.153125 0.15
5 0.075 0.36171875 0.15 0.2390625
5 0.30078125 0.2125 0.178125 0.259375
5 0.04375 0.403125 0.0875 0.2375
5 0.0578125 0.38359375 0.115625 0.2359375
5 0.375 0.1625 0.178125 0.2625
5 0.025 0.4203125 0.05 0.225