13 0.45390625 0.89375 0.3203125 0.2125
13 0.71640625 0.315625 0.3109375 0.2796875
13 0.5421875 0.721875 0.3328125 0.303125
13 0.62421875 0.52421875 0.33125 0.296875
13 0.79140625 0.13359375 0.3078125 0.2671875
13 0.4734375 0.2265625 0.296875 0.2640625
13 0.39375 0.409375 0.3015625 0.2671875
13 0.2078125 0.83828125 0.321875 0.2890625
13 0.5546875 0.08125 0.296875 0.1625
13 0.296875 0.6234375 0.321875 0.2890625
13 0.24453125 0.13203125 0.3078125 0.2453125
13 0.32890625 0.034375 0.290625 0.0671875
13 0.11015625 0.5203125 0.2203125 0.2875
13 0.06796875 0.73046875 0.1203125 0.271875
13 0.1515625 0.31328125 0.303125 0.2921875
13 0.86875 0.61953125 0.2625 0.2640625
13 0.9078125 0.43828125 0.184375 0.2578125
13 0.93671875 0.25 0.1078125 0.2671875
13 0.69140625 0.9421875 0.290625 0.109375
13 0.7828125 0.81484375 0.315625 0.290625