7 0.3125 0.4234375 0.26953125 0.18046875
7 0.640625 0.39765625 0.2953125 0.209375
7 0.0625 0.4328125 0.125 0.2015625
7 0.91328125 0.35078125 0.1609375 0.2328125
7 0.46171875 0.21015625 0.3078125 0.19453125
7 0.1515625 0.228125 0.303125 0.2015625
7 0.7984375 0.18046875 0.321875 0.20703125
7 0.05859375 0.08671875 0.1171875 0.1109375
7 0.61875 0.0484375 0.2859375 0.09609375
7 0.29453125 0.06015625 0.2765625 0.10078125
7 0.89140625 0.025 0.1484375 0.05
7 0.68046875 0.7859375 0.28828125 0.1828125
7 0.08515625 0.8171875 0.134375 0.1921875
7 0.9328125 0.75859375 0.1296875 0.19921875
7 0.35078125 0.79453125 0.3171875 0.2140625
7 0.1703125 0.6234375 0.30078125 0.19453125
7 0.509375 0.59609375 0.3078125 0.1828125
7 0.83515625 0.5734375 0.3078125 0.1828125
7 0.8546875 0.92578125 0.2859375 0.1203125
7 0.203125 0.9546875 0.30546875 0.08671875
7 0.52734375 0.94140625 0.31484375 0.11328125