5 0.80859375 0.51328125 0.05546875 0.22578125
5 0.4640625 0.51328125 0.06015625 0.23046875
5 0.63671875 0.51328125 0.0578125 0.2359375
5 0.68984375 0.51328125 0.0578125 0.228125
5 0.87265625 0.51328125 0.0671875 0.23046875
5 0.52265625 0.5140625 0.0578125 0.23828125
5 0.5765625 0.5140625 0.05546875 0.23828125
5 0.0625 0.5140625 0.06953125 0.23828125
5 0.7546875 0.5140625 0.0578125 0.23046875
5 0.1203125 0.5140625 0.0625 0.23046875
5 0.34765625 0.515625 0.0578125 0.228125
5 0.4078125 0.515625 0.0625 0.23828125
5 0.9265625 0.515625 0.0625 0.23046875
5 0.17578125 0.5171875 0.0578125 0.228125
5 0.2296875 0.5171875 0.0578125 0.2234375
5 0.29453125 0.51796875 0.05546875 0.22578125