7 0.75390625 0.1140625 0.2515625 0.1875
7 0.8140625 0.353125 0.340625 0.271875
7 0.603125 0.959375 0.28125 0.08125
7 0.96484375 0.20859375 0.0703125 0.18125
7 0.853125 0.8890625 0.18125 0.2125
7 0.97734375 0.4375 0.0453125 0.225
7 0.084375 0.6203125 0.16875 0.25625
7 0.2234375 0.16484375 0.3 0.2515625
7 0.24609375 0.4234375 0.259375 0.259375
7 0.46640625 0.0625 0.2640625 0.125
7 0.321875 0.7125 0.253125 0.240625
7 0.50625 0.25625 0.24375 0.234375
7 0.32421875 0.9171875 0.2765625 0.165625
7 0.53515625 0.51875 0.2125 0.21875