12 0.465625 0.71796875 0.128125 0.1359375
12 0.35390625 0.65546875 0.0921875 0.0828125
12 0.21015625 0.5859375 0.0734375 0.078125
12 0.63828125 0.66640625 0.0640625 0.06875
12 0.5265625 0.59140625 0.1203125 0.125
12 0.334375 0.48125 0.0546875 0.0578125
12 0.41796875 0.51796875 0.0984375 0.090625
12 0.678125 0.5265625 0.0640625 0.071875
12 0.59375 0.46328125 0.1109375 0.1078125
12 0.49453125 0.3875 0.078125 0.0734375
12 0.3546875 0.3234375 0.059375 0.0609375
12 0.75703125 0.40390625 0.05625 0.0625
12 0.66328125 0.321875 0.1140625 0.1140625
12 0.553125 0.2578125 0.0953125 0.090625
12 0.4484375 0.1984375 0.0765625 0.08125
12 0.4234375 0.971875 0.0625 0.05625
12 0.33125 0.93203125 0.1078125 0.1078125
12 0.134375 0.83984375 0.0734375 0.0828125
12 0.228125 0.871875 0.0828125 0.06875
12 0.47734375 0.88828125 0.0734375 0.08125
12 0.4 0.8328125 0.1078125 0.11875
12 0.1484375 0.703125 0.0640625 0.075
12 0.278125 0.7609375 0.103125 0.09375
12 0.528125 0.75625 0.06875 0.0796875