6 0.3890625 0.55703125 0.303125 0.6875
6 0.53203125 0.5359375 0.2921875 0.834375
6 0.69453125 0.74296875 0.2703125 0.5140625
6 0.72734375 0.7140625 0.24375 0.56875
6 0.76171875 0.653125 0.2703125 0.6484375
6 0.815625 0.58984375 0.2359375 0.5671875
6 0.85859375 0.57734375 0.20625 0.5953125
6 0.8578125 0.7125 0.284375 0.575
6 0.90234375 0.5515625 0.1703125 0.56875
6 0.92109375 0.66640625 0.1578125 0.5703125
6 0.11640625 0.46015625 0.2328125 0.2484375
6 0.07890625 0.79296875 0.1578125 0.2296875
6 0.18359375 0.15234375 0.3046875 0.3046875