12 0.559375 0.32734375 0.13125 0.1375
12 0.6375 0.4171875 0.0921875 0.084375
12 0.74453125 0.52109375 0.075 0.078125
12 0.390625 0.32109375 0.065625 0.0703125
12 0.46640625 0.4203125 0.121875 0.1265625
12 0.603125 0.57578125 0.05625 0.0578125
12 0.53984375 0.51796875 0.0984375 0.09375
12 0.3140625 0.43125 0.0671875 0.071875
12 0.36953125 0.51328125 0.1125 0.109375
12 0.4328125 0.609375 0.078125 0.075
12 0.53671875 0.7078125 0.059375 0.0609375
12 0.20703125 0.515625 0.0578125 0.0625
12 0.26484375 0.61640625 0.115625 0.115625
12 0.3421875 0.70625 0.096875 0.0921875
12 0.4171875 0.790625 0.078125 0.08125
12 0.67578125 0.109375 0.0640625 0.071875
12 0.7421875 0.18046875 0.109375 0.109375
12 0.88828125 0.3203125 0.0765625 0.0828125
12 0.81484375 0.2640625 0.0828125 0.071875
12 0.6 0.17421875 0.075 0.08125
12 0.6515625 0.24609375 0.1125 0.11875
12 0.834375 0.43671875 0.0671875 0.075
12 0.73671875 0.34609375 0.103125 0.096875
12 0.51484375 0.275 0.0703125 0.0796875