13 0.4890625 0.7984375 0.3921875 0.26953125
13 0.48671875 0.6890625 0.40859375 0.29296875
13 0.49375 0.81953125 0.3921875 0.35546875
13 0.490625 0.6 0.40625 0.2546875
13 0.478125 0.35546875 0.40625 0.33671875
13 0.49140625 0.4671875 0.415625 0.31484375
13 0.16015625 0.61171875 0.31953125 0.228125
13 0.18046875 0.8859375 0.33203125 0.2234375
13 0.17578125 0.7953125 0.3296875 0.23828125
13 0.1703125 0.490625 0.340625 0.240625
13 0.17890625 0.69609375 0.34609375 0.26953125
13 0.17578125 0.34765625 0.35078125 0.31484375