11 0.47109375 0.7 0.8859375 0.3921875
11 0.4765625 0.63125 0.9078125 0.3953125
11 0.44921875 0.8546875 0.8984375 0.290625
11 0.4453125 0.82265625 0.890625 0.3546875
11 0.4703125 0.56171875 0.8625 0.371875
11 0.4375 0.7734375 0.8515625 0.3734375
11 0.45703125 0.48828125 0.815625 0.35625
11 0.42578125 0.41484375 0.7375 0.3265625
11 0.42265625 0.34609375 0.696875 0.3109375
11 0.390625 0.2734375 0.6421875 0.2890625
11 0.38046875 0.2109375 0.5953125 0.26875
11 0.3546875 0.1390625 0.5046875 0.2375
11 0.3640625 0.0984375 0.515625 0.196875
11 0.3453125 0.05546875 0.45625 0.1109375