10 0.54921875 0.7703125 0.1421875 0.45703125
10 0.38125 0.77734375 0.1421875 0.43984375
10 0.68359375 0.8328125 0.10546875 0.33203125
10 0.08984375 0.84140625 0.13203125 0.3171875
10 0.2125 0.84140625 0.103125 0.3171875
10 0.84609375 0.85234375 0.09609375 0.2953125
10 0.96640625 0.85234375 0.06484375 0.2953125
10 0.5265625 0.1703125 0.11875 0.340625
10 0.38203125 0.17890625 0.13671875 0.3578125
10 0.22578125 0.19609375 0.15625 0.3921875
10 0.6671875 0.203125 0.146875 0.40625
10 0.06484375 0.190625 0.1296875 0.38046875
10 0.82109375 0.196875 0.13828125 0.39375
10 0.9625 0.17109375 0.075 0.3359375