10 0.52890625 0.590625 0.4234375 0.3
10 0.34921875 0.32578125 0.4359375 0.303125
10 0.45234375 0.48125 0.415625 0.2859375
10 0.5609375 0.64296875 0.4375 0.309375
10 0.6703125 0.80625 0.4359375 0.303125
10 0.27109375 0.21953125 0.4234375 0.2890625
10 0.30546875 0.27109375 0.4375 0.2953125
10 0.48515625 0.5375 0.4203125 0.2890625
10 0.37578125 0.37890625 0.428125 0.2890625
10 0.41015625 0.43359375 0.4125 0.278125
10 0.58984375 0.69921875 0.4421875 0.3109375
10 0.6203125 0.75390625 0.43125 0.2953125