6 0.59609375 0.56953125 0.1921875 0.63203125
6 0.4640625 0.52890625 0.15859375 0.77890625
6 0.27734375 0.73203125 0.18046875 0.53125
6 0.2546875 0.6671875 0.1515625 0.52421875
6 0.23046875 0.6046875 0.165625 0.5984375
6 0.18984375 0.5375 0.14453125 0.52421875
6 0.1515625 0.51953125 0.1109375 0.55546875
6 0.12265625 0.64921875 0.20703125 0.52890625
6 0.1140625 0.4890625 0.0796875 0.5359375
6 0.06875 0.5921875 0.08671875 0.5359375
6 0.88046875 0.521875 0.21640625 0.20703125
6 0.8953125 0.8453125 0.20703125 0.1921875
6 0.86015625 0.1859375 0.25234375 0.3265625