7 0.80078125 0.725 0.046875 0.040625
7 0.72421875 0.43359375 0.028125 0.046875
7 0.678125 0.584375 0.04375 0.0578125
7 0.4828125 0.74609375 0.03125 0.0421875
7 0.41875 0.59140625 0.0375 0.046875
7 0.4125 0.653125 0.03125 0.0390625
7 0.409375 0.45546875 0.0328125 0.0546875
7 0.3984375 0.7578125 0.040625 0.0546875
7 0.3375 0.68828125 0.040625 0.0578125
7 0.28515625 0.4375 0.0453125 0.046875
7 0.24296875 0.90859375 0.0359375 0.08125
7 0.23125 0.771875 0.053125 0.0765625
7 0.18828125 0.440625 0.059375 0.0765625
7 0.146875 0.6296875 0.053125 0.0828125
7 0.10078125 0.65234375 0.04375 0.0796875
7 0.0359375 0.540625 0.0640625 0.090625