6 0.44609375 0.36875 0.68046875 0.39453125
6 0.46328125 0.52890625 0.78359375 0.396875
6 0.23828125 0.63828125 0.47578125 0.3296875
6 0.2671875 0.6890625 0.53359375 0.31484375
6 0.3421875 0.734375 0.5484375 0.321875
6 0.37109375 0.77890625 0.509375 0.27890625
6 0.39765625 0.83203125 0.509375 0.26171875
6 0.26953125 0.81484375 0.53828125 0.35078125
6 0.39453125 0.875 0.52421875 0.2453125
6 0.2765625 0.87734375 0.53359375 0.240625
6 0.60078125 0.1296875 0.259375 0.259375
6 0.859375 0.25234375 0.2765625 0.34140625
6 0.2859375 0.0546875 0.23125 0.109375