10 0.81640625 0.75625 0.2015625 0.29296875
10 0.9375 0.69609375 0.1203125 0.2859375
10 0.475 0.87265625 0.2046875 0.25
10 0.7203125 0.79453125 0.1703125 0.28125
10 0.8890625 0.7296875 0.18046875 0.28125
10 0.56640625 0.8578125 0.18515625 0.27890625
10 0.640625 0.83046875 0.1703125 0.2765625
10 0.334375 0.296875 0.1828125 0.2984375
10 0.7359375 0.1453125 0.20703125 0.290625
10 0.41328125 0.26953125 0.1875 0.29296875
10 0.5 0.234375 0.1875 0.29296875
10 0.5796875 0.2046875 0.18984375 0.28828125
10 0.2484375 0.3375 0.19453125 0.303125
10 0.6625 0.17578125 0.18046875 0.290625
10 0.68984375 0.484375 0.1875 0.30078125
10 0.85078125 0.41953125 0.1828125 0.28828125
10 0.36796875 0.61640625 0.18046875 0.290625
10 0.44921875 0.584375 0.18046875 0.290625
10 0.525 0.553125 0.18046875 0.290625
10 0.609375 0.51953125 0.18515625 0.29296875
10 0.77890625 0.4546875 0.1828125 0.28828125
10 0.25234375 0.66328125 0.4859375 0.66796875