12 0.7484375 0.39765625 0.03828125 0.06953125
12 0.70546875 0.41796875 0.0484375 0.07421875
12 0.6515625 0.43359375 0.0453125 0.06953125
12 0.6046875 0.45078125 0.04296875 0.06953125
12 0.55390625 0.47734375 0.05546875 0.09609375
12 0.5046875 0.48671875 0.02890625 0.07421875
12 0.45546875 0.50625 0.05546875 0.10078125
12 0.84765625 0.57109375 0.06015625 0.10078125
12 0.79453125 0.6 0.0625 0.1109375
12 0.740625 0.625 0.06015625 0.1078125
12 0.6828125 0.6515625 0.06484375 0.103125
12 0.89921875 0.68359375 0.05546875 0.07421875
12 0.625 0.6859375 0.0578125 0.115625
12 0.5625 0.7125 0.06015625 0.1109375
12 0.83984375 0.71875 0.0578125 0.09140625
12 0.49375 0.734375 0.0625 0.103125
12 0.79453125 0.7671875 0.06484375 0.13671875
12 0.73828125 0.78828125 0.0765625 0.1390625
12 0.66484375 0.8078125 0.07421875 0.1515625
12 0.6 0.8578125 0.06015625 0.1421875
12 0.53125 0.89296875 0.0671875 0.1515625