10 0.58671875 0.8453125 0.1390625 0.30546875
10 0.6984375 0.85703125 0.1515625 0.28125
10 0.8796875 0.86796875 0.134375 0.259375
10 0.5 0.84765625 0.1390625 0.30078125
10 0.4015625 0.84140625 0.15390625 0.30078125
10 0.7796875 0.86796875 0.15625 0.259375
10 0.19140625 0.48828125 0.38203125 0.97578125
10 0.91015625 0.58046875 0.13671875 0.321875
10 0.61640625 0.54921875 0.13671875 0.31015625
10 0.803125 0.5734375 0.1390625 0.3265625
10 0.709375 0.56640625 0.115625 0.33203125
10 0.4265625 0.53984375 0.146875 0.3265625
10 0.52265625 0.54921875 0.12734375 0.32421875