13 0.57109375 0.89921875 0.290625 0.196875
13 0.2703125 0.359375 0.2765625 0.2453125
13 0.47109375 0.73203125 0.2953125 0.2640625
13 0.3765625 0.55078125 0.2953125 0.259375
13 0.18359375 0.18984375 0.27421875 0.23828125
13 0.4953125 0.25390625 0.2640625 0.23046875
13 0.58671875 0.421875 0.26953125 0.2328125
13 0.79921875 0.81484375 0.2859375 0.25234375
13 0.4046875 0.0953125 0.271875 0.18984375
13 0.696875 0.61796875 0.2859375 0.25234375
13 0.70546875 0.13203125 0.2765625 0.23828125
13 0.61796875 0.03984375 0.27421875 0.0796875
13 0.884375 0.5046875 0.22578125 0.259375
13 0.9375 0.70078125 0.1203125 0.25234375
13 0.81875 0.31015625 0.28828125 0.2546875
13 0.140625 0.66484375 0.2546875 0.23046875
13 0.0890625 0.49375 0.178125 0.2328125
13 0.0484375 0.31484375 0.09609375 0.25
13 0.34765625 0.95546875 0.271875 0.084375
13 0.2484375 0.83984375 0.28125 0.2546875