7 0.69140625 0.61640625 0.3078125 0.2203125
7 0.33515625 0.6125 0.3390625 0.253125
7 0.9421875 0.62734375 0.1140625 0.2265625
7 0.06796875 0.640625 0.1359375 0.2625
7 0.51015625 0.83203125 0.35 0.2390625
7 0.82734375 0.83984375 0.30625 0.24375
7 0.1640625 0.83203125 0.328125 0.2546875
7 0.9140625 0.96875 0.096875 0.0625
7 0.32734375 0.96328125 0.3125 0.0734375
7 0.678125 0.9703125 0.303125 0.059375
7 0.32890625 0.1890625 0.328125 0.2234375
7 0.94609375 0.2109375 0.1078125 0.21875
7 0.075 0.1984375 0.11875 0.225
7 0.684375 0.21171875 0.3625 0.2609375
7 0.84609375 0.4109375 0.3078125 0.2375
7 0.49453125 0.4109375 0.35 0.2265625
7 0.15859375 0.40703125 0.3171875 0.2234375
7 0.1734375 0.05 0.278125 0.1
7 0.84453125 0.06484375 0.3109375 0.0984375
7 0.50625 0.05703125 0.35 0.1140625