11 0.48828125 0.928125 0.5609375 0.14375
11 0.57890625 0.70625 0.6015625 0.2578125
11 0.52578125 0.85234375 0.5921875 0.25
11 0.61328125 0.56328125 0.5921875 0.2546875
11 0.64296875 0.4140625 0.5140625 0.2203125
11 0.68828125 0.26875 0.5140625 0.2203125
11 0.7046875 0.11484375 0.4546875 0.1984375
11 0.4453125 0.746875 0.515625 0.228125
11 0.40078125 0.87890625 0.4875 0.2140625
11 0.49140625 0.43671875 0.4078125 0.19375
11 0.50859375 0.290625 0.3609375 0.1703125
11 0.5671875 0.13984375 0.371875 0.1734375
11 0.41640625 0.58125 0.3484375 0.16875