12 0.515625 0.68125 0.10546875 0.11328125
12 0.6109375 0.6140625 0.0765625 0.0671875
12 0.734375 0.53828125 0.06015625 0.06484375
12 0.3546875 0.6515625 0.053125 0.0578125
12 0.4484375 0.5734375 0.0984375 0.103125
12 0.61171875 0.45546875 0.0453125 0.0484375
12 0.53984375 0.49609375 0.08203125 0.07421875
12 0.30546875 0.52890625 0.053125 0.06015625
12 0.37578125 0.4640625 0.09140625 0.0890625
12 0.4578125 0.3859375 0.06484375 0.06015625
12 0.578125 0.31484375 0.0484375 0.05078125
12 0.22265625 0.42578125 0.0453125 0.053125
12 0.29921875 0.3421875 0.09375 0.09375
12 0.39296875 0.27421875 0.0796875 0.07421875
12 0.48203125 0.21015625 0.0625 0.0671875
12 0.57890625 0.91484375 0.05078125 0.06015625
12 0.6578125 0.86171875 0.0890625 0.0890625
12 0.8265625 0.7609375 0.06015625 0.06953125
12 0.7453125 0.7984375 0.06953125 0.05546875
12 0.52109375 0.83671875 0.06015625 0.0671875
12 0.58671875 0.77890625 0.0890625 0.0984375
12 0.8015625 0.63828125 0.053125 0.0625
12 0.6890625 0.703125 0.08671875 0.0765625
12 0.4625 0.72265625 0.05546875 0.0671875