5 0.4203125 0.41796875 0.22578125 0.41796875
5 0.47265625 0.39921875 0.22578125 0.428125
5 0.5265625 0.38359375 0.21640625 0.4203125
5 0.6234375 0.34609375 0.20703125 0.4109375
5 0.71015625 0.31484375 0.240625 0.4328125
5 0.3703125 0.446875 0.21640625 0.415625
5 0.6671875 0.3328125 0.21171875 0.4109375
5 0.5734375 0.3703125 0.19921875 0.40859375
5 0.28125 0.4828125 0.2984375 0.62734375
5 0.75859375 0.30078125 0.24765625 0.4328125
5 0.32578125 0.4703125 0.22109375 0.41796875
5 0.2453125 0.5046875 0.321875 0.6296875
5 0.21015625 0.52890625 0.34375 0.63203125
5 0.80390625 0.31015625 0.2359375 0.41328125
5 0.18984375 0.55078125 0.3796875 0.66796875
5 0.86171875 0.3109375 0.25703125 0.4234375