13 0.1703125 0.89609375 0.2640625 0.1875
13 0.20703125 0.4671875 0.278125 0.23125
13 0.2203125 0.2890625 0.28125 0.2078125
13 0.1734375 0.80390625 0.2796875 0.209375
13 0.1765625 0.75078125 0.284375 0.2140625
13 0.209375 0.36796875 0.2828125 0.18125
13 0.16484375 0.8640625 0.29375 0.221875
13 0.20078125 0.434375 0.284375 0.1953125
13 0.76484375 0.94765625 0.2671875 0.1046875
13 0.8046875 0.46171875 0.2734375 0.19375
13 0.809375 0.41171875 0.26875 0.1921875
13 0.81484375 0.33828125 0.2640625 0.2046875
13 0.76171875 0.91171875 0.2890625 0.1765625
13 0.7953125 0.53515625 0.2734375 0.1890625
13 0.76953125 0.7953125 0.303125 0.2109375
13 0.76171875 0.8671875 0.3 0.1875
13 0.4796875 0.77421875 0.2625 0.196875
13 0.46640625 0.884375 0.2703125 0.2171875
13 0.4609375 0.90625 0.26875 0.1875
13 0.496875 0.51796875 0.2640625 0.175
13 0.51015625 0.31015625 0.2734375 0.2
13 0.465625 0.81484375 0.278125 0.23125
13 0.50390625 0.38203125 0.26875 0.1890625
13 0.49375 0.44140625 0.284375 0.203125