10 0.4984375 0.23125 0.21875 0.4625
10 0.66484375 0.24765625 0.215625 0.4578125
10 0.37734375 0.15625 0.1609375 0.3125
10 0.93515625 0.23515625 0.1296875 0.3359375
10 0.8421875 0.2140625 0.15625 0.3296875
10 0.21953125 0.1234375 0.1453125 0.246875
10 0.1015625 0.1109375 0.115625 0.221875
10 0.41640625 0.8203125 0.1765625 0.35625
10 0.559375 0.82421875 0.196875 0.3515625
10 0.7171875 0.81953125 0.221875 0.3609375
10 0.28359375 0.76328125 0.215625 0.425
10 0.875 0.840625 0.19375 0.31875
10 0.13125 0.74296875 0.2046875 0.4125
10 0.0265625 0.74375 0.053125 0.34375