12 0.5765625 0.18515625 0.5375 0.3703125
12 0.434375 0.21953125 0.271875 0.4390625
12 0.90703125 0.3390625 0.1859375 0.478125
12 0.12890625 0.3125 0.2578125 0.409375
12 0.25625 0.48203125 0.278125 0.3609375
12 0.86640625 0.621875 0.184375 0.259375
12 0.9484375 0.6984375 0.096875 0.315625
12 0.49140625 0.65 0.3546875 0.51875
12 0.69453125 0.7 0.1265625 0.3015625
12 0.11875 0.67265625 0.2375 0.3703125
12 0.31015625 0.80859375 0.4890625 0.3828125
12 0.8390625 0.88671875 0.253125 0.2265625
12 0.6625 0.92109375 0.1625 0.1578125
12 0.1859375 0.07109375 0.284375 0.1421875