5 0.44921875 0.49765625 0.14921875 0.6390625
5 0.58203125 0.51328125 0.16328125 0.63203125
5 0.84140625 0.55078125 0.15859375 0.634375
5 0.78125 0.5453125 0.14453125 0.63203125
5 0.1265625 0.46484375 0.1734375 0.65390625
5 0.2546875 0.48203125 0.16796875 0.65859375
5 0.71875 0.53984375 0.15625 0.634375
5 0.19140625 0.4796875 0.1703125 0.665625
5 0.5109375 0.5328125 0.15625 0.6515625
5 0.64296875 0.5484375 0.1609375 0.65625
5 0.31953125 0.515625 0.15859375 0.6734375
5 0.38125 0.5265625 0.15625 0.66328125