6 0.59296875 0.628125 0.3625 0.7296875
6 0.46484375 0.51484375 0.3515625 0.85
6 0.2140625 0.66328125 0.303125 0.5796875
6 0.21015625 0.58125 0.2890625 0.5796875
6 0.21953125 0.484375 0.2984375 0.590625
6 0.20078125 0.43359375 0.2546875 0.55
6 0.171875 0.378125 0.234375 0.5546875
6 0.13125 0.50703125 0.2625 0.6015625
6 0.13359375 0.3515625 0.21875 0.5671875
6 0.08125 0.44453125 0.1625 0.5796875
6 0.878125 0.65 0.2390625 0.2546875
6 0.90390625 0.30390625 0.1921875 0.3859375
6 0.78671875 0.925 0.2640625 0.15