13 0.82109375 0.3265625 0.0328125 0.075
13 0.734375 0.2984375 0.046875 0.071875
13 0.63125 0.27421875 0.0390625 0.08125
13 0.659375 0.26484375 0.0390625 0.0828125
13 0.48359375 0.209375 0.0453125 0.096875
13 0.21640625 0.23046875 0.05625 0.0921875
13 0.0609375 0.24140625 0.046875 0.121875
13 0.384375 0.1703125 0.05625 0.1109375
13 0.31015625 0.146875 0.0578125 0.1046875
13 0.06484375 0.15 0.0453125 0.096875
13 0.20390625 0.1109375 0.0546875 0.1125
13 0.08046875 0.1109375 0.053125 0.1296875
13 0.1515625 0.09609375 0.075 0.121875
13 0.11484375 0.0875 0.0671875 0.1046875