12 0.85625 0.78671875 0.278125 0.4265625
12 0.63515625 0.7625 0.2765625 0.4484375
12 0.07578125 0.684375 0.1515625 0.565625
12 0.171875 0.58359375 0.26875 0.4421875
12 0.44140625 0.42734375 0.35 0.6671875
12 0.93828125 0.41953125 0.1234375 0.4390625
12 0.65546875 0.396875 0.1421875 0.3375
12 0.6953125 0.97109375 0.18125 0.0578125
12 0.0921875 0.296875 0.184375 0.421875
12 0.8953125 0.25546875 0.1890625 0.159375
12 0.0828125 0.93359375 0.165625 0.0984375
12 0.30703125 0.19921875 0.4578125 0.3984375
12 0.065625 0.04140625 0.0875 0.0828125
12 0.4765625 0.89296875 0.40625 0.2140625
12 0.29375 0.84296875 0.2796875 0.3078125