12 0.87265625 0.48359375 0.1953125 0.265625
12 0.53671875 0.33046875 0.3890625 0.528125
12 0.70390625 0.37109375 0.265625 0.315625
12 0.19609375 0.18125 0.2765625 0.3625
12 0.43203125 0.165625 0.4671875 0.33125
12 0.90390625 0.2296875 0.1921875 0.30625
12 0.10703125 0.7921875 0.2140625 0.278125
12 0.43828125 0.78203125 0.5703125 0.4359375
12 0.31484375 0.73203125 0.35 0.5046875
12 0.83671875 0.77109375 0.3078125 0.4578125
12 0.65859375 0.6484375 0.3203125 0.446875
12 0.1265625 0.49140625 0.253125 0.4359375
12 0.2703125 0.4703125 0.4015625 0.521875