12 0.76640625 0.42578125 0.0453125 0.075
12 0.7203125 0.44296875 0.05625 0.0796875
12 0.6640625 0.45390625 0.053125 0.075
12 0.61484375 0.4671875 0.05 0.075
12 0.5609375 0.48984375 0.0640625 0.1015625
12 0.5109375 0.49453125 0.0359375 0.078125
12 0.45859375 0.509375 0.065625 0.1078125
12 0.85078125 0.6109375 0.0703125 0.1078125
12 0.79453125 0.6359375 0.0734375 0.1171875
12 0.7375 0.65625 0.0703125 0.115625
12 0.6765625 0.678125 0.075 0.1109375
12 0.89296875 0.7296875 0.0625 0.0796875
12 0.6140625 0.70859375 0.06875 0.121875
12 0.54921875 0.7296875 0.0703125 0.1171875
12 0.83046875 0.76015625 0.0671875 0.0984375
12 0.47734375 0.7453125 0.0734375 0.1109375
12 0.7796875 0.80546875 0.078125 0.1453125
12 0.7203125 0.821875 0.090625 0.1484375
12 0.64375 0.83515625 0.0890625 0.1609375
12 0.5734375 0.88046875 0.0734375 0.15
12 0.50078125 0.909375 0.08125 0.159375