5 0.40390625 0.1 0.159375 0.1984375
5 0.49375 0.11640625 0.15 0.2328125
5 0.30546875 0.0875 0.16875 0.16875
5 0.4421875 0.1078125 0.15 0.215625
5 0.8203125 0.209375 0.1578125 0.2671875
5 0.86875 0.22578125 0.1484375 0.2640625
5 0.915625 0.24453125 0.14375 0.2578125
5 0.3578125 0.09609375 0.1578125 0.1875
5 0.940625 0.2609375 0.1125 0.265625
5 0.96484375 0.2796875 0.0640625 0.2609375
5 0.49765625 0.47109375 0.146875 0.2765625
5 0.13203125 0.34453125 0.1484375 0.24375
5 0.21875 0.37734375 0.1375 0.2421875
5 0.53359375 0.48671875 0.153125 0.2796875
5 0.609375 0.51171875 0.1546875 0.2828125
5 0.57265625 0.5 0.146875 0.2765625
5 0.45625 0.4609375 0.1484375 0.275
5 0.81015625 0.5828125 0.14375 0.2421875
5 0.853125 0.5984375 0.1296875 0.23125
5 0.175 0.365625 0.140625 0.25
5 0.93515625 0.6296875 0.1296875 0.234375
5 0.95703125 0.64609375 0.0859375 0.2328125
5 0.2578125 0.39765625 0.1359375 0.2390625
5 0.89375 0.615625 0.1359375 0.2390625
5 0.79140625 0.91328125 0.140625 0.1578125
5 0.45625 0.84296875 0.146875 0.2609375
5 0.7046875 0.903125 0.1375 0.184375
5 0.17265625 0.7484375 0.1359375 0.234375
5 0.3171875 0.796875 0.1546875 0.2640625
5 0.83359375 0.921875 0.134375 0.1359375
5 0.3640625 0.815625 0.146875 0.2609375
5 0.7484375 0.9109375 0.1359375 0.165625
5 0.1296875 0.73671875 0.140625 0.2375
5 0.41015625 0.8328125 0.1484375 0.259375
5 0.0625 0.70859375 0.11875 0.2421875
5 0.08984375 0.72421875 0.1359375 0.234375
5 0.49921875 0.86484375 0.1484375 0.2609375
5 0.040625 0.69375 0.0765625 0.234375