5 0.13671875 0.5390625 0.096875 0.2578125
5 0.5171875 0.4859375 0.1015625 0.2640625
5 0.3265625 0.5125 0.1 0.26875
5 0.26796875 0.52109375 0.0984375 0.2609375
5 0.06640625 0.54921875 0.109375 0.265625
5 0.45234375 0.4953125 0.1 0.271875
5 0.3921875 0.50390625 0.0984375 0.2703125
5 0.9515625 0.4234375 0.096875 0.271875
5 0.196875 0.53125 0.0984375 0.2640625
5 0.8953125 0.43359375 0.1046875 0.2640625
5 0.6453125 0.4703125 0.0984375 0.2609375
5 0.57890625 0.4796875 0.10625 0.271875
5 0.03046875 0.55625 0.0609375 0.259375
5 0.83515625 0.4453125 0.0984375 0.2609375
5 0.77578125 0.453125 0.0984375 0.2546875
5 0.70390625 0.4640625 0.096875 0.2578125