7 0.13671875 0.1515625 0.2640625 0.22578125
7 0.15859375 0.42421875 0.3171875 0.26171875
7 0.234375 0.9125 0.3390625 0.1703125
7 0.18046875 0.6734375 0.31015625 0.2640625
7 0.81953125 0.30390625 0.33203125 0.259375
7 0.7765625 0.09375 0.3125 0.1875
7 0.8484375 0.5828125 0.2984375 0.30078125
7 0.86171875 0.85703125 0.271875 0.209375
7 0.49609375 0.359375 0.28359375 0.26953125
7 0.5296875 0.63828125 0.30078125 0.2765625
7 0.5671875 0.87265625 0.321875 0.25
7 0.43359375 0.12265625 0.2953125 0.2453125