11 0.5296875 0.28984375 0.8296875 0.16328125
11 0.51796875 0.3546875 0.85078125 0.1609375
11 0.5515625 0.08515625 0.86328125 0.1703125
11 0.53515625 0.15 0.8484375 0.1609375
11 0.4953125 0.4171875 0.81015625 0.14921875
11 0.5171875 0.2140625 0.7984375 0.15390625
11 0.46484375 0.48046875 0.7640625 0.146875
11 0.41796875 0.540625 0.68984375 0.13671875
11 0.39765625 0.603125 0.6515625 0.13203125
11 0.35078125 0.6625 0.5984375 0.125
11 0.32578125 0.7171875 0.55546875 0.115625
11 0.28515625 0.7765625 0.46875 0.1078125
11 0.2765625 0.8421875 0.47578125 0.12265625
11 0.2390625 0.90390625 0.42578125 0.1078125