10 0.8671875 0.67421875 0.265625 0.3234375
10 0.8328125 0.64140625 0.296875 0.31875
10 0.7890625 0.63203125 0.2859375 0.3203125
10 0.76171875 0.59375 0.353125 0.409375
10 0.696875 0.59921875 0.2828125 0.340625
10 0.64453125 0.58359375 0.2828125 0.3578125
10 0.59375 0.5578125 0.3421875 0.4453125
10 0.4578125 0.52578125 0.25625 0.3796875
10 0.5328125 0.51640625 0.325 0.453125
10 0.40703125 0.46015625 0.328125 0.4921875
10 0.26015625 0.434375 0.29375 0.490625
10 0.34765625 0.4078125 0.3640625 0.5890625
10 0.1703125 0.41328125 0.2890625 0.5203125
10 0.103125 0.384375 0.20625 0.45