8 0.9265625 0.3828125 0.146875 0.2046875
8 0.80546875 0.35703125 0.178125 0.20625
8 0.12109375 0.22421875 0.190625 0.2078125
8 0.5328125 0.3046875 0.1796875 0.203125
8 0.2609375 0.25390625 0.1796875 0.1984375
8 0.396875 0.2796875 0.175 0.203125
8 0.6703125 0.3328125 0.1796875 0.203125
8 0.6296875 0.52734375 0.184375 0.209375
8 0.76484375 0.553125 0.178125 0.209375
8 0.09296875 0.421875 0.1859375 0.2125
8 0.225 0.4484375 0.178125 0.209375
8 0.49765625 0.50234375 0.184375 0.209375
8 0.8984375 0.58125 0.178125 0.203125
8 0.36171875 0.4765625 0.18125 0.209375
8 0.86171875 0.7734375 0.1734375 0.20625
8 0.45859375 0.696875 0.1765625 0.2078125
8 0.32578125 0.67109375 0.184375 0.2140625
8 0.07421875 0.6171875 0.1484375 0.209375
8 0.72265625 0.75 0.178125 0.209375
8 0.190625 0.6484375 0.1859375 0.209375
8 0.58828125 0.72578125 0.1796875 0.20625
8 0.2875 0.86171875 0.18125 0.2140625
8 0.41875 0.8875 0.1890625 0.2125
8 0.55078125 0.9046875 0.1765625 0.190625
8 0.6828125 0.91328125 0.1828125 0.1609375
8 0.81640625 0.92265625 0.1703125 0.1234375
8 0.0640625 0.8078125 0.1015625 0.203125
8 0.15546875 0.83984375 0.1765625 0.2109375
8 0.1671875 0.07109375 0.1859375 0.1109375
8 0.4375 0.0890625 0.18125 0.178125
8 0.30390625 0.07890625 0.1765625 0.14375
8 0.7078125 0.128125 0.1796875 0.203125
8 0.93984375 0.1859375 0.090625 0.2
8 0.57109375 0.10234375 0.175 0.1984375
8 0.846875 0.15625 0.178125 0.203125