7 0.225 0.6875 0.04296875 0.0359375
7 0.30078125 0.4203125 0.02421875 0.04296875
7 0.33984375 0.56015625 0.03828125 0.053125
7 0.5171875 0.71171875 0.02890625 0.03828125
7 0.578125 0.57109375 0.03359375 0.04296875
7 0.5828125 0.62734375 0.02890625 0.0359375
7 0.5890625 0.44609375 0.02890625 0.05078125
7 0.59375 0.7234375 0.0359375 0.05078125
7 0.6515625 0.6609375 0.0359375 0.053125
7 0.703125 0.43125 0.040625 0.04296875
7 0.734375 0.865625 0.03125 0.07421875
7 0.74765625 0.7390625 0.0484375 0.06953125
7 0.7921875 0.4359375 0.053125 0.06953125
7 0.8265625 0.6109375 0.0484375 0.07421875
7 0.86875 0.63203125 0.03828125 0.071875
7 0.93046875 0.5296875 0.0578125 0.08203125