12 0.84609375 0.6859375 0.084375 0.084375
12 0.71640625 0.7234375 0.065625 0.0609375
12 0.78046875 0.6921875 0.0875 0.09375
12 0.74296875 0.603125 0.075 0.09375
12 0.684375 0.6171875 0.08125 0.0890625
12 0.6296875 0.634375 0.053125 0.06875
12 0.81640625 0.57109375 0.06875 0.0765625
12 0.3796875 0.634375 0.0796875 0.090625
12 0.79453125 0.50546875 0.0703125 0.0640625
12 0.61171875 0.5515625 0.059375 0.0703125
12 0.725 0.5078125 0.078125 0.09375
12 0.66640625 0.51171875 0.071875 0.0765625
12 0.3203125 0.57109375 0.078125 0.115625
12 0.25546875 0.5234375 0.0671875 0.08125
12 0.4015625 0.45234375 0.05625 0.065625
12 0.66875 0.328125 0.059375 0.0734375
12 0.553125 0.35859375 0.0546875 0.0703125
12 0.61015625 0.3375 0.08125 0.0890625
12 0.7265625 0.3 0.071875 0.0765625
12 0.35390625 0.37890625 0.0828125 0.1140625
12 0.64375 0.24453125 0.05625 0.065625
12 0.7203125 0.2 0.05625 0.090625
12 0.58203125 0.23671875 0.0734375 0.0859375
12 0.565625 0.17265625 0.0640625 0.059375
12 0.49375 0.16640625 0.078125 0.09375
12 0.60859375 0.134375 0.0640625 0.0875
12 0.6765625 0.1109375 0.0875 0.103125