12 0.38203125 0.3484375 0.35078125 0.40625
12 0.8703125 0.5796875 0.2546875 0.3796875
12 0.16328125 0.48828125 0.2328125 0.27421875
12 0.46640625 0.65859375 0.4375 0.56015625
12 0.3078125 0.6265625 0.27890625 0.2953125
12 0.7609375 0.83671875 0.31484375 0.321875
12 0.515625 0.821875 0.48828125 0.35078125
12 0.09375 0.7125 0.1875 0.32421875
12 0.9015625 0.30546875 0.1921875 0.3609375
12 0.69453125 0.25 0.6109375 0.5
12 0.7140625 0.25546875 0.375 0.46875
12 0.2140625 0.20703125 0.365625 0.41328125