13 0.525 0.375 0.31953125 0.24765625
13 0.4015625 0.72109375 0.3390625 0.2546875
13 0.4703125 0.54921875 0.353125 0.25703125
13 0.3546875 0.875 0.353125 0.2453125
13 0.60546875 0.20703125 0.35546875 0.2671875
13 0.7609375 0.6546875 0.2984375 0.2359375
13 0.86875 0.30859375 0.25703125 0.24296875
13 0.70703125 0.82578125 0.32421875 0.25
13 0.83515625 0.48671875 0.32421875 0.26171875
13 0.66015625 0.9328125 0.32421875 0.1296875
13 0.1734375 0.43515625 0.34609375 0.27421875
13 0.23046875 0.26171875 0.36796875 0.2671875
13 0.115625 0.76953125 0.23046875 0.26953125
13 0.1453125 0.60703125 0.290625 0.2671875
13 0.29453125 0.11796875 0.37265625 0.2359375