10 0.415625 0.5375 0.15625 0.3796875
10 0.6984375 0.46484375 0.15390625 0.3921875
10 0.53359375 0.5046875 0.1421875 0.37734375
10 0.36171875 0.546875 0.15859375 0.39453125
10 0.1875 0.58984375 0.15390625 0.3921875
10 0.8125 0.43125 0.1421875 0.38671875
10 0.75703125 0.44609375 0.14453125 0.396875
10 0.475 0.5171875 0.14453125 0.38203125
10 0.6453125 0.47109375 0.1421875 0.3921875
10 0.58671875 0.484375 0.13203125 0.37734375
10 0.30390625 0.55546875 0.1609375 0.39453125
10 0.2484375 0.5640625 0.146875 0.3921875