5 0.58671875 0.546875 0.36796875 0.2359375
5 0.61640625 0.47734375 0.35546875 0.22578125
5 0.546875 0.609375 0.3703125 0.23828125
5 0.50703125 0.671875 0.375 0.2546875
5 0.63203125 0.40390625 0.37265625 0.2453125
5 0.46875 0.73671875 0.4109375 0.2765625
5 0.65625 0.3328125 0.3796875 0.25
5 0.4234375 0.7921875 0.42578125 0.29296875
5 0.66171875 0.2484375 0.396875 0.27421875
5 0.66796875 0.16484375 0.41796875 0.303125
5 0.3390625 0.8390625 0.40390625 0.29296875
5 0.45703125 0.53125 0.38671875 0.26171875