13 0.4140625 0.40390625 0.365625 0.3125
13 0.61953125 0.71328125 0.3859375 0.325
13 0.5203125 0.55390625 0.4015625 0.3296875
13 0.71796875 0.83984375 0.3984375 0.3125
13 0.328125 0.23671875 0.4046875 0.3390625
13 0.784375 0.38359375 0.3421875 0.296875
13 0.5859375 0.11015625 0.34375 0.2203125
13 0.85078125 0.53515625 0.2984375 0.3109375
13 0.696875 0.21640625 0.38125 0.3265625
13 0.90390625 0.67890625 0.1921875 0.2921875
13 0.24296875 0.73203125 0.4109375 0.3453125
13 0.178125 0.56640625 0.35625 0.3390625
13 0.42734375 0.928125 0.3828125 0.14375
13 0.34765625 0.85625 0.4109375 0.2875
13 0.13046875 0.41015625 0.2609375 0.3296875