13 0.2078125 0.13359375 0.2328125 0.19921875
13 0.2203125 0.546875 0.2453125 0.19921875
13 0.2234375 0.71171875 0.25 0.178125
13 0.20546875 0.23671875 0.24765625 0.18046875
13 0.20546875 0.2859375 0.25234375 0.1828125
13 0.2171875 0.63828125 0.25234375 0.15390625
13 0.20078125 0.18125 0.259375 0.18984375
13 0.2125 0.5765625 0.25234375 0.165625
13 0.7546875 0.0984375 0.240625 0.15625
13 0.76796875 0.58046875 0.24296875 0.165625
13 0.7703125 0.62734375 0.23828125 0.16328125
13 0.771875 0.69453125 0.2328125 0.17578125
13 0.7515625 0.1578125 0.25703125 0.165625
13 0.76328125 0.51328125 0.24296875 0.1609375
13 0.7515625 0.27421875 0.26953125 0.18046875
13 0.74765625 0.20703125 0.2671875 0.15859375
13 0.484375 0.27890625 0.2328125 0.16796875
13 0.478125 0.1765625 0.23828125 0.1875
13 0.475 0.13203125 0.23828125 0.209375
13 0.48828125 0.5140625 0.2359375 0.14921875
13 0.490625 0.70546875 0.24296875 0.1703125
13 0.4734375 0.240625 0.2453125 0.19921875
13 0.48828125 0.6390625 0.23828125 0.1609375
13 0.48203125 0.584375 0.25234375 0.1734375