12 0.35859375 0.36640625 0.128125 0.1140625
12 0.31953125 0.4875 0.06875 0.0875
12 0.26171875 0.63515625 0.0734375 0.0640625
12 0.51953125 0.2890625 0.065625 0.05625
12 0.4875 0.4171875 0.1171875 0.1078125
12 0.42421875 0.6265625 0.0546875 0.05
12 0.45859375 0.54453125 0.0796875 0.09375
12 0.640625 0.3625 0.0671875 0.05625
12 0.6234375 0.4640625 0.096875 0.103125
12 0.60234375 0.58515625 0.0640625 0.0734375
12 0.54453125 0.72734375 0.0546875 0.0515625
12 0.78046875 0.39765625 0.0609375 0.0453125
12 0.7671875 0.5203125 0.1015625 0.103125
12 0.73046875 0.646875 0.08125 0.0890625
12 0.6953125 0.75390625 0.0734375 0.0640625
12 0.14921875 0.20390625 0.0703125 0.053125
12 0.1171875 0.303125 0.0953125 0.096875
12 0.0359375 0.5015625 0.071875 0.0625
12 0.08046875 0.41484375 0.0578125 0.078125
12 0.253125 0.2359375 0.075 0.059375
12 0.23203125 0.32734375 0.1109375 0.09375
12 0.1375 0.590625 0.0703125 0.05625
12 0.19375 0.46171875 0.0828125 0.0984375
12 0.3796875 0.29453125 0.075 0.0578125