10 0.63203125 0.5328125 0.06484375 0.4109375
10 0.0484375 0.53515625 0.0671875 0.40859375
10 0.71171875 0.53515625 0.06953125 0.40625
10 0.46171875 0.53515625 0.071875 0.40625
10 0.546875 0.5359375 0.071875 0.41796875
10 0.2140625 0.53515625 0.071875 0.396875
10 0.3765625 0.5359375 0.0765625 0.40859375
10 0.29140625 0.5359375 0.0796875 0.4109375
10 0.1296875 0.53828125 0.071875 0.40859375
10 0.7921875 0.540625 0.084375 0.41328125
10 0.87734375 0.54453125 0.071875 0.4203125
10 0.9578125 0.54453125 0.084375 0.40859375