7 0.3765625 0.334375 0.315625 0.265625
7 0.6875 0.46953125 0.3484375 0.3
7 0.140625 0.2203125 0.1953125 0.234375
7 0.9203125 0.559375 0.159375 0.275
7 0.61484375 0.2125 0.35625 0.290625
7 0.31796875 0.11328125 0.3609375 0.2265625
7 0.8734375 0.346875 0.253125 0.30625
7 0.8390625 0.13359375 0.303125 0.2
7 0.534375 0.04609375 0.29375 0.0921875
7 0.5359375 0.8421875 0.3328125 0.2734375
7 0.03828125 0.5828125 0.0765625 0.228125
7 0.7890625 0.9109375 0.215625 0.178125
7 0.23203125 0.690625 0.371875 0.3109375
7 0.1640625 0.45 0.328125 0.290625
7 0.47265625 0.5859375 0.3546875 0.28125
7 0.7796875 0.7234375 0.3546875 0.28125
7 0.64140625 0.975 0.3328125 0.05
7 0.0890625 0.7828125 0.178125 0.215625
7 0.31953125 0.9 0.3359375 0.1984375