12 0.3640625 0.6359375 0.31953125 0.3921875
12 0.88125 0.47109375 0.2328125 0.3703125
12 0.16484375 0.4703125 0.2140625 0.2640625
12 0.4859375 0.3390625 0.3921875 0.5484375
12 0.32421875 0.35234375 0.25703125 0.28125
12 0.8015625 0.1765625 0.2859375 0.353125
12 0.5609375 0.171875 0.46875 0.34375
12 0.103125 0.23125 0.20625 0.30625
12 0.89296875 0.7515625 0.209375 0.3390625
12 0.5984375 0.7671875 0.58671875 0.46171875
12 0.6921875 0.7078125 0.3390625 0.45703125
12 0.17890625 0.76953125 0.3296875 0.42578125