8 0.86015625 0.12734375 0.2203125 0.19375
8 0.72578125 0.15625 0.228125 0.2421875
8 0.075 0.428125 0.15 0.24375
8 0.44765625 0.2625 0.23125 0.2453125
8 0.17109375 0.36875 0.228125 0.2390625
8 0.31015625 0.31640625 0.2265625 0.2421875
8 0.58671875 0.21015625 0.23125 0.2453125
8 0.6609375 0.409375 0.234375 0.2484375
8 0.79765625 0.35625 0.2296875 0.246875
8 0.11640625 0.61953125 0.2328125 0.2515625
8 0.24921875 0.56953125 0.2296875 0.246875
8 0.52734375 0.46171875 0.234375 0.2484375
8 0.9109375 0.3046875 0.178125 0.240625
8 0.38984375 0.51640625 0.2328125 0.2484375
8 0.9484375 0.49375 0.103125 0.234375
8 0.603125 0.6609375 0.2296875 0.246875
8 0.46640625 0.71328125 0.2375 0.253125
8 0.18828125 0.82109375 0.2421875 0.2515625
8 0.87265625 0.559375 0.2328125 0.2484375
8 0.33125 0.7671875 0.234375 0.2484375
8 0.7359375 0.6125 0.228125 0.2453125
8 0.53984375 0.890625 0.2328125 0.21875
8 0.67421875 0.85546875 0.240625 0.2515625
8 0.809375 0.8046875 0.2328125 0.2484375
8 0.90546875 0.746875 0.1609375 0.24375
8 0.2765625 0.93671875 0.221875 0.103125
8 0.4109375 0.91796875 0.21875 0.1640625
8 0.04296875 0.22578125 0.0546875 0.23125
8 0.2296875 0.115625 0.228125 0.23125
8 0.11640625 0.16328125 0.1828125 0.2390625
8 0.49765625 0.0640625 0.2203125 0.128125
8 0.365625 0.08828125 0.21875 0.1765625
8 0.6359375 0.0375 0.2109375 0.0734375