5 0.6734375 0.4390625 0.10546875 0.51953125
5 0.9265625 0.4421875 0.115625 0.5359375
5 0.82578125 0.44921875 0.13203125 0.53359375
5 0.165625 0.4578125 0.0890625 0.53359375
5 0.5578125 0.4640625 0.13203125 0.51953125
5 0.225 0.48046875 0.0796875 0.553125
5 0.3859375 0.50234375 0.0984375 0.5453125
5 0.73046875 0.5109375 0.1203125 0.5453125
5 0.3171875 0.55546875 0.0890625 0.584375
5 0.459375 0.625 0.1109375 0.5453125
5 0.50625 0.3703125 0.13671875 0.52890625
5 0.62265625 0.37265625 0.103125 0.53359375
5 0.86875 0.40234375 0.12734375 0.53359375