10 0.59453125 0.871875 0.1578125 0.25625
10 0.71796875 0.88671875 0.1703125 0.2265625
10 0.91484375 0.89921875 0.1515625 0.2015625
10 0.5015625 0.87421875 0.15625 0.2515625
10 0.39375 0.86953125 0.1734375 0.2609375
10 0.80625 0.8984375 0.175 0.203125
10 0.19375 0.4984375 0.3875 0.996875
10 0.9375 0.62890625 0.125 0.3546875
10 0.63359375 0.590625 0.15625 0.3421875
10 0.8375 0.62109375 0.1578125 0.3609375
10 0.73515625 0.61015625 0.1328125 0.365625
10 0.42578125 0.57578125 0.165625 0.3609375
10 0.53125 0.5890625 0.1453125 0.3578125