12 0.490625 0.19375 0.45703125 0.38671875
12 0.615625 0.284375 0.2015625 0.39453125
12 0.11640625 0.3453125 0.2328125 0.4203125
12 0.89140625 0.4109375 0.2171875 0.353125
12 0.74765625 0.54921875 0.21875 0.30546875
12 0.178125 0.6078125 0.1421875 0.22109375
12 0.0609375 0.66875 0.121875 0.284375
12 0.515625 0.67578125 0.271875 0.44453125
12 0.32578125 0.6984375 0.084375 0.2671875
12 0.85703125 0.7390625 0.19453125 0.3171875
12 0.6625 0.8453125 0.41328125 0.3078125
12 0.1359375 0.87890625 0.271875 0.23828125
12 0.3265625 0.91796875 0.1296875 0.1609375
12 0.86875 0.11796875 0.26171875 0.2359375