7 0.9578125 0.58359375 0.084375 0.1578125
7 0.66328125 0.68359375 0.1125 0.2078125
7 0.1953125 0.7640625 0.084375 0.1515625
7 0.55546875 0.1546875 0.08125 0.1609375
7 0.72421875 0.15078125 0.0578125 0.1328125
7 0.50390625 0.1796875 0.103125 0.1578125
7 0.6046875 0.171875 0.0875 0.1265625
7 0.44453125 0.19765625 0.0796875 0.15
7 0.10390625 0.2453125 0.0984375 0.1
7 0.83203125 0.16796875 0.090625 0.1390625
7 0.028125 0.27890625 0.05625 0.1578125
7 0.2421875 0.253125 0.16875 0.1484375
7 0.13671875 0.36484375 0.1125 0.1546875
7 0.5546875 0.3265625 0.0828125 0.1390625
7 0.01953125 0.41328125 0.0390625 0.1359375
7 0.49453125 0.35546875 0.0890625 0.1453125
7 0.81171875 0.3359375 0.0921875 0.1328125
7 0.75234375 0.34921875 0.0953125 0.1578125
7 0.6875 0.359375 0.096875 0.153125
7 0.02265625 0.5765625 0.0453125 0.121875
7 0.71484375 0.521875 0.121875 0.1609375