3 0.15390625 0.3640625 0.30078125 0.15859375
3 0.85546875 0.41953125 0.28359375 0.13203125
3 0.1421875 0.640625 0.28359375 0.23046875
3 0.3640625 0.06484375 0.0890625 0.1296875
3 0.63671875 0.06640625 0.08203125 0.13203125
3 0.84765625 0.7453125 0.303125 0.3609375
3 0.7078125 0.80390625 0.146875 0.2359375
3 0.27421875 0.8109375 0.16796875 0.24296875
3 0.578125 0.85546875 0.07421875 0.13203125
3 0.45078125 0.8640625 0.0796875 0.1296875
3 0.77265625 0.11328125 0.18046875 0.22578125
3 0.21171875 0.13828125 0.22109375 0.2765625