8 0.196875 0.146875 0.2015625 0.21875
8 0.3234375 0.2078125 0.2046875 0.21875
8 0.9296875 0.51015625 0.140625 0.2265625
8 0.58203125 0.3265625 0.20625 0.221875
8 0.83671875 0.44765625 0.2046875 0.215625
8 0.70859375 0.38828125 0.2015625 0.21875
8 0.4515625 0.26875 0.20625 0.221875
8 0.36875 0.453125 0.209375 0.2234375
8 0.24140625 0.39375 0.2046875 0.2234375
8 0.8765625 0.68984375 0.215625 0.228125
8 0.74921875 0.6328125 0.2046875 0.2234375
8 0.4921875 0.5125 0.209375 0.2234375
8 0.11328125 0.33671875 0.2046875 0.21875
8 0.61875 0.57265625 0.20625 0.2234375
8 0.06484375 0.51484375 0.1296875 0.2203125
8 0.40703125 0.696875 0.2046875 0.2234375
8 0.53203125 0.7546875 0.2125 0.2296875
8 0.790625 0.8765625 0.2171875 0.228125
8 0.15703125 0.58203125 0.20625 0.2234375
8 0.6578125 0.81640625 0.209375 0.2234375
8 0.28359375 0.6421875 0.2046875 0.221875
8 0.45078125 0.9109375 0.2078125 0.178125
8 0.32578125 0.8765625 0.215625 0.228125
8 0.2 0.8203125 0.20625 0.2234375
8 0.09453125 0.76015625 0.1734375 0.228125
8 0.028125 0.69765625 0.0484375 0.21875
8 0.69765625 0.96796875 0.20625 0.05625
8 0.57109375 0.94140625 0.1984375 0.1171875
8 0.9734375 0.31953125 0.046875 0.221875
8 0.7984375 0.1953125 0.2046875 0.221875
8 0.90859375 0.2546875 0.16875 0.2203125
8 0.5453125 0.09375 0.209375 0.1875
8 0.28671875 0.0359375 0.2015625 0.0609375
8 0.6703125 0.13828125 0.2 0.2140625
8 0.41484375 0.0640625 0.2015625 0.128125