5 0.309375 0.53125 0.20625 0.540625
5 0.0828125 0.478125 0.165625 0.559375
5 0.15859375 0.490625 0.2359375 0.559375
5 0.8203125 0.6109375 0.1921875 0.5515625
5 0.42890625 0.528125 0.234375 0.5453125
5 0.76640625 0.5765625 0.1875 0.56875
5 0.609375 0.5234375 0.2046875 0.565625
5 0.265625 0.4484375 0.2265625 0.56875
5 0.6875 0.48359375 0.203125 0.6015625
5 0.559375 0.38671875 0.2171875 0.5671875
5 0.46328125 0.6328125 0.240625 0.55625
5 0.346875 0.6078125 0.2078125 0.553125
5 0.1109375 0.52890625 0.221875 0.5578125