10 0.115625 0.45859375 0.23125 0.2328125
10 0.075 0.303125 0.15 0.2
10 0.240625 0.81328125 0.334375 0.2421875
10 0.13671875 0.56015625 0.2734375 0.2046875
10 0.09140625 0.38515625 0.1828125 0.2078125
10 0.1890625 0.72265625 0.321875 0.2203125
10 0.1578125 0.6484375 0.3015625 0.2046875
10 0.765625 0.434375 0.3390625 0.2234375
10 0.55859375 0.0765625 0.3359375 0.153125
10 0.7203125 0.3578125 0.33125 0.2234375
10 0.6765625 0.26875 0.33125 0.2234375
10 0.6328125 0.18984375 0.328125 0.228125
10 0.803125 0.525 0.34375 0.2359375
10 0.5890625 0.109375 0.33125 0.21875
10 0.3515625 0.3375 0.340625 0.228125
10 0.26796875 0.17265625 0.3265625 0.221875
10 0.51640625 0.6640625 0.33125 0.21875
10 0.47421875 0.58203125 0.33125 0.21875
10 0.43515625 0.50546875 0.33125 0.21875
10 0.39140625 0.4203125 0.33125 0.2234375
10 0.30078125 0.25078125 0.3265625 0.221875
10 0.5328125 0.76640625 0.884375 0.4671875